0.5 0.15 0.3 0.2985793484885721 0.1114096829687884 1.4030020889653476
1 0.298947748433276 0.3 0.29730581866290795 0.14357433335928343 1.325173681268306
1.5 0.44696695999178504 0.3 0.29642400267073143 0.17417517517762798 1.3217606099232504
2 0.5940130433835136 0.3 0.2959121335995453 0.2043481267651458 1.314563967416989
2.5 0.7401087026684752 0.3 0.2957622828417528 0.2340417955004974 1.307606231375365
3 0.885269848910953 0.3 0.2959661666213314 0.2632654934088198 1.3006807151435238
3.5 1.0295125818100705 0.3 0.2965158606821162 0.29202507041421055 1.293801158719772
4 1.1728526589537582 0.3 0.29740374849749157 0.3203262817164286 1.2869692797708758
4.5 1.3153055322449028 0.3 0.29862250997098644 0.3481746257432517 1.2801871277653007
5 1.4568863461876107 0.3 0.3001651084747237 0.37557536831602567 1.27345644518232
5.5 1.597609939650357 0.3 0.30202477847517445 0.4025335559430925 1.2667787252644545
6 1.7374908482362563 0.3 0.30419501362920565 0.42905402891014977 1.2601552292812868
6.5 1.87654330734509 0.3 0.3066695553536482 0.45514143363915727 1.2535870039365409
7 2.0147812558330305 0.3 0.3094423818593588 0.4808002343940267 1.247074896976159
7.5 2.152218340197793 0.3 0.3125076976370367 0.5060347243731386 1.2406195713690382
8 2.2888679192242494 0.3 0.3158599233789333 0.5308490362267997 1.2342215182625729
8.5 2.424743069032412 0.3 0.31949368631831565 0.5552471520342428 1.22788106889102
9 2.559856588475464 0.3 0.3234038109669484 0.5792329127717538 1.2215984055871143
9.5 2.694221004840397 0.3 0.32758531022982634 0.6028100273008359 1.2153735720240213
10 2.827848579808022 0.3 0.3320333768758193 0.6259820809029412 1.2092064827946125
10.5 2.960751315632695 0.3 0.3367433753427091 0.6487525433851988 1.203096932417691
11 3.092940961505248 0.3 0.3417108338552281 0.6711247767797061 1.1970446038458635
11.5 3.2244290200653296 0.3 0.34693143683509986 0.6931020426572984 1.1910490765368418
12 3.3552267540317926 0.3 0.35240101758268105 0.7146875090752608 1.1851098341388937
12.5 3.4853451929219474 0.3 0.35811555121057104 0.7358842571771481 1.1792262718316384
13 3.614795139832469 0.3 0.3640711478104556 0.7566952874617423 1.1733977033552547
13.5 3.7435871782565733 0.3 0.3702640458354514 0.7771235257371624 1.1676233677542796
14 3.871731678913785 0.3 0.3766906056812955 0.7971718287752417 1.1619024358563255
14.5 3.9992388065702245 0.3 0.38334730345085066 0.8168429896804882 1.156234016501201
15 4.126118526828884 0.3 0.3902307248875614 0.8361397429872218 1.1506171625318642
15.5 4.252380612870834 0.3 0.39733755946466803 0.8550647694978446 1.145050876555387
16 4.3780346521297595 0.3 0.40466459461816695 0.8736207008746086 1.1395341164794726
16.5 4.5030900528836035 0.3 0.4122087101126667 0.8918101239967192 1.1340658008280247
17 4.627556050748483 0.3 0.4199668725304343 0.9096355850941166 1.1286448138377465
17.5 4.751441715061379 0.3 0.4279361298750345 0.9270995936688279 1.1232700103366366
18 4.874755955139424 0.3 0.43611360628203627 0.9442046262143498 1.117940220404533
18.5 4.997507526404889 0.3 0.444496496830287 0.9609531297431193 1.1126542538154607
19 5.119705036366243 0.3 0.45308206244822924 0.9773475251317427 1.1074109042614009
19.5 5.241356950446873 0.3 0.46186762491065714 0.9933902102932747 1.102208953357211
20 5.362471597654255 0.3 0.4708505619221761 1.0090835631854778 1.0970471744266619
20.5 5.483057176083506 0.3 0.4800283022844356 1.0244299446636318 1.09192433607002
21 5.603121758250361 0.3 0.48939832114495496 1.0394317011861094 1.0868392055140765
21.5 5.722673296249684 0.3 0.4989581353260533 1.0540911673805817 1.0817905517461441
22 5.841719626736619 0.3 0.5087052987330263 1.0684106684783714 1.076777148434185
22.5 5.960268475728472 0.3 0.5186373978412893 1.0823925226241187 1.0717977766358864
23 6.0783274632262785 0.3 0.5287520472627282 1.0960390430675804 1.0668512273001798
23.5 6.195904107655902 0.3 0.5390468853919644 1.1093525402440343 1.0619363035653624
24 6.313005830129254 0.3 0.5495195701336616 1.122335323749411 1.057051822858586
24.5 6.429639958526979 0.3 0.5601677747123665 1.1349897042159356 1.0521966188020964
25 6.545813731404594 0.3 0.5709891835667038 1.147317995093712 1.0473695429321235
25.5 6.661534301724694 0.3 0.5819814883300222 1.1593225143433414 1.0425694662368228
26 6.776808740418357 0.3 0.5931423838998305 1.1710055860443314 1.0377952805200894
26.5 6.89164403977939 0.3 0.604469564598569 1.1823695419237097 1.0330458995984193
27 7.00604711669546 0.3 0.6159607204284248 1.1934167228089343 1.0283202603383184
27.5 7.120024815720546 0.3 0.6276135334230433 1.2041494800088617 1.0236173235419546
28 7.2335839119934455 0.3 0.639425674099093 1.2145701766262182 1.0189360746889577
28.5 7.346731114007347 0.3 0.6513947980107225 1.2246811888047113 1.0142755245423596
29 7.45947306623569 0.3 0.6635185424100065 1.234484906913614 1.0096347096267249
29.5 7.571816351619703 0.3 0.6757945230165123 1.243983736672363 1.0050126925865284
30 7.683767493923143 0.3 0.688220330899132 1.2531801002174328 1.0004085624327768
30.5 7.7953329599598264 0.3 0.7007935294733205 1.26207643711347 0.9958214346857753
31 7.906519161699624 0.3 0.7135116516168587 1.27067520531042 0.9912504514218095
31.5 8.017332458258574 0.3 0.7263721969072223 1.2789788820481243 0.9866947812313271
32 8.127779157778772 0.3 0.7393726289835856 1.2869899647096383 0.9821536190960072
32.5 8.237865519203645 0.3 0.7525103730364213 1.294710971624291 0.9776261861918611
33 8.347597753954142 0.3 0.7657828134275827 1.302144442821305 0.9731117296252618
33.5 8.45698202751131 0.3 0.7791872914436583 1.3092929407345988 0.9686095221085145
34 8.56602446091057 0.3 0.7927211031852922 1.316159050859216 0.9641188615812957
34.5 8.674731132152917 0.3 0.8063814975950478 1.3227453823596553 0.9596390707839766
35 8.783108077538117 0.3 0.8201656746262689 1.3290545686302295 0.955169496788558
35.5 8.891161292924808 0.3 0.8340707835552608 1.3350892678074404 0.9507095104925933
36 8.998896734922273 0.3 0.8480939214389692 1.3408521632342383 0.946258506081209
36.5 9.106320322018439 0.3 0.8622321317201831 1.3463459638759239 0.9418159004619632
37 9.213437935648555 0.3 0.8764824029821235 1.351573404687358 0.9373811326770185
37.5 9.320255421208717 0.3 0.8908416678541118 1.3565372469310668 0.9329536632967615
38 9.426778589018326 0.3 0.9053068020698277 1.3612402784457618 0.9285329737987247
38.5 9.533013215235309 0.3 0.919874623679479 1.3656853138647473 0.9241185659353603
39 9.63896504272778 0.3 0.9345418924170051 1.3698751947836452 0.9197099610939428
39.5 9.744639781905613 0.3 0.9493053092232306 1.3738127898768466 0.9153066996515891
40 9.850043111515266 0.3 0.9641615159256682 1.377500994962086 0.9109083403281449
40.5 9.955180679400911 0.3 0.9791070950754454 1.3809427330125332 0.9065144595394115
41 10.060058103234889 0.3 0.9941385699415973 1.384140954115817 0.9021246507529708
41.5 10.164680971220212 0.3 1.0092524046627291 1.3870986353794093 0.8977385238486258
42 10.269054842767735 0.3 1.0244450045557998 1.3898187807818456 0.8933557044852645
42.5 10.373185249150442 0.3 1.0397127165815263 1.3923044209692943 0.8889758334757595
43 10.477077694137131 0.3 1.0550518299656477 1.394558612997049 0.8845985661713185
43.5 10.580737654607635 0.3 1.0704585769750157 1.3965844400155845 0.8802235718565293
44 10.684170581151557 0.3 1.0859291338472072 1.3983850109008866 0.8758505331561792
44.5 10.787381898652391 0.3 1.101459621872079 1.3999634598288595 0.8714791454547709
45 10.890377006858733 0.3 1.1170461086233958 1.4013229457936938 0.8671091163295206
45.5 10.99316128094417 0.3 1.1326846093383842 1.4024666520701863 0.862740164997492
46 11.09574007205734 0.3 1.1483710884427685 1.403397785620104 0.858372021777389
46.5 11.1981187078635 0.3 1.1641014612185632 1.404119576442795 0.8540044275664471
47 11.30030249307885 0.3 1.179871595611597 1.4046352768703638 0.8496371333327192
47.5 11.402296709998788 0.3 1.1956773141754609 1.4049481608078584 0.8452698996230069
48 11.504106619021126 0.3 1.2115143961482746 1.4050615229190249 0.840902496086562
48.5 11.605737459165223 0.3 1.2273785796583887 1.404978677758328 0.8365347010146456
49 11.707194448587936 0.3 1.2432655640548456 1.4047029588500577 0.832166300895925
49.5 11.808482785097182 0.3 1.2591710123581517 1.404237717715476 0.827797089987667
50 11.909607646663817 0.3 1.2750905538266366 1.4035863228490892 0.8234268699025951
50.5 12.010574191932514 0.3 1.2910197866334083 1.4027521586452678 0.8190554492112592
51 12.111387560732222 0.3 1.306954280648655 1.4017386242765615 0.8146826430597041
51.5 12.212052874586734 0.3 1.322889580321798 1.4005491325251964 0.8103082728021966
52 12.312575237225856 0.3 1.3388212076577573 1.399187108569365 0.8059321656487278
52.5 12.412959735097605 0.3 1.354744665281368 1.3976559887260482 0.8015541543269961
53 12.513211437881798 0.3 1.3706554395837678 1.3959592191522339 0.7971740767585274
53.5 12.61333539900541 0.3 1.3865490039443786 1.3941002545065155 0.7927917757486016
54 12.713336656159958 0.3 1.4024208220219163 1.3920825565731696 0.7884070986895978
54.5 12.813220231821223 0.3 1.4182663511076934 1.3899095928509224 0.784019897277396
55 12.912991133771497 0.3 1.4340810455343256 1.387584835108721 0.779630027240436
55.5 13.012654355624608 0.3 1.4498603601328182 1.3851117579109242 0.7752373480810387
56 13.11221487735386 0.3 1.465599753730886 1.3824938371144198 0.7708417228285773
56.5 13.211677665823071 0.3 1.481294692685269 1.3797345483402592 0.766443017804104
57 13.311047675320829 0.3 1.4969406544407176 1.3768373654224841 0.7620411023960046
57.5 13.410329848098092 0.3 1.5125331311082686 1.3738057588368828 0.7576358488462919
58 13.50952911490923 0.3 1.528067633055394 1.3706431941124804 0.7532271320471051
58.5 13.60865039555658 0.3 1.5435396925005818 1.3673531302286193 0.7488148293470297
59 13.70769859943862 0.3 1.5589448671049186 1.3639390180005333 0.7443988203668291
59.5 13.806678626101789 0.3 1.5742787435532632 1.3604042984563487 0.7399789868241798
60 13.905595365796039 0.3 1.5895369411176505 1.3567524012084797 0.7355552123670431
60.5 14.004453700034148 0.3 1.60471511519563 1.3529867428223983 0.7311273824152629
61 14.103258502154839 0.3 1.6198089608163344 1.3491107251857666 0.7266953840100323
61.5 14.202014637889759 0.3 1.634814216107183 1.3451277338809209 0.7222591056708523
62 14.300726965934325 0.3 1.6497266657142546 1.3410411365636836 0.7178184372596189
62.5 14.399400338522508 0.3 1.6645421441695167 1.3368542813514612 0.7133732698514965
63 14.498039602005544 0.3 1.6792565391982666 1.3325704952235533 0.7089234956122289
63.5 14.596649597434652 0.3 1.6938657949603313 1.3281930824365653 0.7044690076815533
64 14.695235161147751 0.3 1.7083659152187796 1.3237253229577641 0.7000097000624046
64.5 14.793801125360243 0.3 1.722752966430124 1.3191704709191647 0.6955454675155853
65 14.892352318759887 0.3 1.7370230807502338 1.3145317530950686 0.6910762054596065
65.5 14.990893567105806 0.3 1.7511724589504354 1.3098123674057058 0.6866018098754032
66 15.089429693831685 0.3 1.7651973732385493 1.3050154814495478 0.6821221772156415
66.5 15.18796552065319 0.3 1.779094169979896 1.3001442310667766 0.6776372043183478
67 15.286505868179695 0.3 1.7928592723136019 1.2952017189362979 0.6731467883245941
67.5 15.385055556530345 0.3 1.806489182659844 1.290191013208587 0.6686508265999896
68 15.48361940595454 0.3 1.8199804851139876 1.2851151461765482 0.664149216659732
68.5 15.58220223745693 0.3 1.8333298477239015 1.2799771129864603 0.6596418560969936
69 15.680808873426955 0.3 1.8465340246470638 1.2747798703909576 0.6551286425144079
69.5 15.779444138273075 0.3 1.8595898581844132 1.2695263355458823 0.6506094734584542
70 15.87811285906173 0.3 1.8724942806882443 1.264219384852711 0.6460842463565262
70.5 15.976819866161176 0.3 1.885244316341789 1.2588618528481352 0.6415528584565008
71 16.075569993890273 0.3 1.8978370828084778 1.2534565311422419 0.6370152067686066
71.5 16.174368081172368 0.3 1.9102697927492227 1.248006167406606 0.6324711880094287
72 16.273218972194364 0.3 1.922539755206405 1.2425134644134719 0.6279206985478731
72.5 16.37212751707115 0.3 1.93464437685361 1.2369810791270637 0.6233636343529338
73 16.471098572515494 0.3 1.9465811631104784 1.2314116218479294 0.6187998909431094
73.5 16.570137002513565 0.3 1.9583477191223915 1.225807655411081 0.6142293633373246
74 16.669247679006233 0.3 1.9699417506050338 1.2201716944385617 0.6096519460072246
74.5 16.76843548257632 0.3 1.9813610645542052 1.2145062046469302 0.6050675328307092
75 16.867705303141953 0.3 1.9926035698215692 1.2088136022100215 0.6004760170465866
75.5 16.967062040656224 0.3 2.0036672775573328 1.2030962531772076 0.5958772912102357
76 17.066510605813313 0.3 2.014550301521151 1.197356472947251 0.591271247150167
76.5 17.16605592076131 0.3 2.025250858262839 1.1915965257977192 0.5866577759253814
77 17.265702919821887 0.3 2.035767267174747 1.1858186244698 0.5820367677834379
77.5 17.365456550217075 0.3 2.046097950417921 1.180024929808236 0.5774081121191327
78 17.465321772803335 0.3 2.056241432724418 1.1742175504559855 0.5727716974337208
78.5 17.565303562813163 0.3 2.0661963410783915 1.1683985426030936 0.5681274112945919
79 17.66540691060444 0.3 2.075961404278771 1.1625699097891564 0.5634751402953415
79.5 17.765636822417804 0.3 2.08553545238659 1.156733602758656 0.5588147700161602
80 17.865998321142254 0.3 2.0949174160601913 1.1508915193683404 0.5541461849844938
80.5 17.966496447089252 0.3 2.1041063257817263 1.145045504545733 0.5494692686359077
81 18.067136258775594 0.3 2.113101310978539 1.1391973502977664 0.544783903275116
81.5 18.1679228337153 0.3 2.1219015990431584 1.1333487957684503 0.5400899700371201
82 18.268861269220807 0.3 2.1305065142557678 1.1275015273444091 0.5353873488484178
82.5 18.36995668321377 0.3 2.1389154766131355 1.1216571788070469 0.5306759183882517
83 18.471214215045684 0.3 2.1471280005680997 1.1158173315300381 0.5259555560498499
83.5 18.572639026328734 0.3 2.155143693683778 1.1099835147207777 0.5212261379016438
84 18.67423630177706 0.3 2.162962255206762 1.1041572057043674 0.5164875386484229
84.5 18.77601125005884 0.3 2.170583474563607 1.0983398302486722 0.5117396315924085
85 18.87796910465944 0.3 2.1780072297849644 1.0925327629289323 0.5069822885942262
85.5 18.980115124755983 0.3 2.1852334858617657 1.0867373275303782 0.5022153800337583
86 19.082454596103663 0.3 2.1922622930378455 1.0809547974872673 0.4974387747708555
86.5 19.18499283193413 0.3 2.1990937850434293 1.0751863963567307 0.4926523401059022
87 19.287735173866295 0.3 2.2057281772738864 1.069433298325799 0.48785594174021885
87.5 19.39068699282988 0.3 2.212165764918134 1.0636966287499579 0.4830494437362939
88 19.493853690002126 0.3 2.2184069210410513 1.0579774647215732 0.47823270847783483
88.5 19.597240697757925 0.3 2.224452094624216 1.0522768356665195 0.47340559662963855
89 19.700853480633842 0.3 2.230301808569224 1.0465957239673442 0.4685679670972711
89.5 19.804697536306332 0.3 2.2359566576677983 1.0409350656112986 0.46371967698655325
90 19.90877839658457 0.3 2.2414173065428127 1.0352957508615779 0.45886058156285503
90.5 20.013101628418255 0.3 2.2466844875642837 1.0296786249501217 0.45399053421018754
91 20.117672834920814 0.3 2.2517589987442976 1.02408448879034 0.4491093863901089
91.5 20.222497656408372 0.3 2.2566417016147406 1.0185140997081465 0.44421698760042105
92 20.32758177145494 0.3 2.2613335190916044 1.0129681721897092 0.43931318533368036
92.5 20.432930897964198 0.3 2.26583543332953 1.0074473786443432 0.4343978250355064
93 20.538550794258317 0.3 2.270148483570144 1.0019523501810066 0.42947075006269897
93.5 20.64444726018426 0.3 2.2742737639876207 0.9964836773968869 0.42453180164116244
94 20.750626138238 0.3 2.2782124215347865 0.9910419111765982 0.41958081882363507
94.5 20.857093314707075 0.3 2.281965653792958 0.9856275635005449 0.41461763844722876
95 20.96385472083199 0.3 2.285534706828579 0.9802411082610457 0.40964209509077654
95.5 21.070916333986887 0.3 2.288920873059586 0.9748829820848494 0.4046540210319912
96 21.178284178880006 0.3 2.2921254891343126 0.9695535851607154 0.39965324620443077
96.5 21.28596432877436 0.3 2.2951499338255976 0.9642532820707732 0.3946395981542724
97 21.39396290672919 0.3 2.2979956259426357 0.958982402624418 0.38961290199689647
97.5 21.502286086862664 0.3 2.3006640222629735 0.9537412426935462 0.38457298037327037
98 21.610940095636348 0.3 2.3031566154869183 0.9485300650479752 0.37951965340613614
98.5 21.719931213161964 0.3 2.3054749322164962 0.9433491001899423 0.3744527386559978
99 21.82926577453102 0.3 2.3076205309609605 0.9381985471866203 0.36937205107690063
99.5 21.938950171167814 0.3 2.3095950001707197 0.9330785744996353 0.3642774029719983
100 22.048990852206387 0.3 2.3113999563014267 0.9279893208106184 0.35916860394890093
100.5 22.15939432589204 0.3 2.3130370419098414 0.9229308958418708 0.35404546087479927
101 22.270167161007958 0.3 2.3145079237829496 0.9179033811712661 0.3489077778313502
101.5 22.381315988327557 0.3 2.315814291101702 0.9129068310405609 0.34375535606932195
102 22.49284750209322 0.3 2.3169578536406132 0.9079412731563331 0.33858799396298134
102.5 22.604768461521974 0.3 2.3179403400043443 0.9030067094828075 0.3334054869642141
103 22.717085692338838 0.3 2.318763495902272 0.8981031170258784 0.328207627556364
103.5 22.82980608833845 0.3 2.3194290824619417 0.8932304486076798 0.32299420520777977
104 22.942936612975696 0.3 2.3199388745821934 0.8883886336310977 0.3177650063250509
104.5 23.05648430098601 0.3 2.320294659326634 0.8835775788336626 0.3125198142059119
105 23.170456260036083 0.3 2.3204982343580425 0.8787971690303008 0.307258408991813
105.5 23.284859672405716 0.3 2.320551406414186 0.8740472678444636 0.3019805676201134
106 23.399701796701578 0.3 2.3204559898254313 0.8693277184271943 0.29668606377590356
106.5 23.51498996960361 0.3 2.3202138050744576 0.8646383441637286 0.29137466784341337
107 23.63073160764494 0.3 2.3198266773982703 0.8599789493672665 0.2860461468570018
107.5 23.746934209026044 0.3 2.3192964354326526 0.8553493199595816 0.28070026445168506
108 23.86360535546409 0.3 2.318624909899101 0.8507492241381786 0.2753367808131998
108.5 23.980752714078243 0.3 2.31781393233422 0.846178413029734 0.26995545262755993
109 24.09838403931185 0.3 2.316865333861478 0.8416366213295953 0.264556033030085
109.5 24.21650717489247 0.3 2.3157809440051684 0.8371235679271388 0.2591382715538787
110 24.3351300558306 0.3 2.3145625895463438 0.8326389565168207 0.2537019140777149
110.5 24.45426071045813 0.3 2.3132120934204385 0.8281824761947814 0.24824670277331562
111 24.57390726250748 0.3 2.311731273656244 0.8237538020408931 0.24277237605198365
111.5 24.694077933232478 0.3 2.3101219423558383 0.8193525956861646 0.23727866851055113
112 24.81478104357201 0.3 2.3083859047150326 0.8149785058654422 0.23176531087663343
112.5 24.936025016357515 0.3 2.306524958083846 0.8106311689553716 0.22623202995312208
113 25.057818378565454 0.3 2.3045408910664844 0.806310209497604 0.22067854856191327
113.5 25.180169763615904 0.3 2.3024354826602518 0.8020152407072543 0.21510458548682043
114 25.303087913718453 0.3 2.300210501432801 0.7977458649666365 0.20950985541563372
114.5 25.426581682266594 0.3 2.2978677047370835 0.7935016743043223 0.20389406888129769
115 25.550660036281894 0.3 2.295408837963342 0.7892822508595846 0.19825693220216534
115.5 25.675332058909223 0.3 2.2928356338274543 0.7850871673323048 0.19259814742128534
116 25.80060695196436 0.3 2.2901498116949197 0.780915987418438 0.18691741224469427
116.5 25.926494038535342 0.3 2.287353076939755 0.7767682662311455 0.1812144199786595
117 26.053002765638976 0.3 2.284447120337552 0.7726435507077133 0.1754888594658487
117.5 26.180142706933964 0.3 2.2814336174919285 0.7685413800023946 0.16974041502036574
118 26.30792356549213 0.3 2.278314228293598 0.7644612858653165 0.1639687663616286
118.5 26.43635517662928 0.3 2.275090596411266 0.7604027930076097 0.15817358854703223
119 26.565447510797323 0.3 2.271764348813555 0.7563654194529237 0.15235455190336433
119.5 26.695210676539222 0.3 2.268337095321153 0.7523486768755007 0.1465113219569213
120 26.82565492350853 0.3 2.2648104281883796 0.7483520709249891 0.14064355936227957
120.5 26.9567906455552 0.3 2.2611859217133485 0.7443751015381835 0.13475091982969
121 27.088628383879474 0.3 2.257465131875919 0.7404172632378846 0.12883305405102796
121.5 27.22117883025573 0.3 2.253649596002619 0.7364780454190774 0.12288960762426993
122 27.35445283032813 0.3 2.2497408324577273 0.732556932622631 0.11692022097644139
122.5 27.48846138698007 0.3 2.2457403403597045 0.728653404796727 0.11092452928499019
123 27.623215663779472 0.3 2.241649599322171 0.7247669375462261 0.10490216239753203
123.5 27.75872698850195 0.3 2.237470069218626 0.7208970023701864 0.09885274474992845
124 27.895006856734064 0.3 2.2332031899701232 0.7170430668877474 0.0927758952826353
124.5 28.03206693555882 0.3 2.2288503813551084 0.7132045950525971 0.08667122735528043
125 28.16991906732577 0.3 2.2244130428406517 0.7093810473562379 0.08053834865941523
125.5 28.30857527350801 0.3 2.2198925534343013 0.7055718810202698 0.0743768611293879
126 28.448047758648567 0.3 2.2152902715558063 0.7017765501779092 0.0681863608512826
126.5 28.588348914398637 0.3 2.21060753492796 0.6979945060449578 0.061966437969881105
127 28.72949132365031 0.3 2.2058456604858367 0.6942251970804414 0.05571667659357982
127.5 28.87148776476642 0.3 2.2010059443036916 0.6904680691371302 0.04943665469721503
128 29.014351215910313 0.3 2.196089661538826 0.6867225656021565 0.04312594402273795
128.5 29.158094859478346 0.3 2.1910980663917177 0.6829881275279392 0.03678410997768389
129 29.30273208663809 0.3 2.186032392081735 0.6792641937536255 0.030410711531377532
129.5 29.44827650197525 0.3 2.180893850837775 0.6755502010172547 0.024005301108810273
130 29.594741928252425 0.3 2.1756836339031653 0.6718455840588502 0.017567424482146543
130.5 29.74214241128296 0.3 2.1704029115541994 0.6681497757146367 0.011096620659775458
131 29.890492224923225 0.3 2.16505283313168 0.6644622070025828 0.004592421772866451
131.5 30.039805876186747 0 2.159634527084864 0.6607823071994605 0.0001
132 30.03979085628381 0 2.1541491010272202 0.6571401886152216 0.0001
132.5 30.03977583638838 0 2.1485985283129696 0.6536024799815632 0.0001
133 30.03976081650046 0 2.1429866857779345 0.6501668983839454 0.0001
133.5 30.039745796620053 0 2.1373173395428373 0.6468312004247219 0.0001
134 30.039730776747156 0 2.131594146906165 0.6435931820882548 0.0001
134.5 30.03971575688177 0 2.125820658270699 0.6404506785678641 0.0001
135 30.03970073702389 0 2.120000319098026 0.6374015640573244 0.0001
135.5 30.03968571717352 0 2.1141364718857254 0.6344437515095029 0.0001
136 30.03967069733066 0 2.1082323581622413 0.631575192364615 0.0001
136.5 30.03965567749531 0 2.1022911204947996 0.6287938762504596 0.0001
137 30.039640657667473 0 2.0963158045060415 0.6260978306568867 0.0001
137.5 30.039625637847145 0 2.0903093608953403 0.6234851205866394 0.0001
138 30.039610618034327 0 2.084274647461066 0.6209538481846077 0.0001
138.5 30.039595598229017 0 2.0782144311203314 0.6185021523474328 0.0001
139 30.039580578431217 0 2.0721313899230256 0.6161282083152956 0.0001
139.5 30.039565558640927 0 2.0660281150571778 0.6138302272476341 0.0001
140 30.039550538858148 0 2.059907112842948 0.6116064557844376 0.0001
140.5 30.03953551908288 0 2.0537708067127536 0.6094551755946773 0.0001
141 30.03952049931512 0 2.0476215391752657 0.6073747029133496 0.0001
141.5 30.039505479554872 0 2.0414615737611976 0.6053633880685211 0.0001
142 30.03949045980213 0 2.03529309694902 0.6034196149996888 0.0001
142.5 30.0394754400569 0 2.029118220068897 0.6015418007686907 0.0001
143 30.03946042031918 0 2.0229389811833194 0.5997283950643277 0.0001
143.5 30.03944540058897 0 2.0167573469430735 0.59797787970179 0.0001
144 30.03943038086627 0 2.0105752144173237 0.5962887681179097 0.0001
144.5 30.039415361151082 0 2.004394412896739 0.5946596048632022 0.0001
145 30.0394003414434 0 1.9982167056687237 0.5930889650915914 0.0001
145.5 30.03938532174323 0 1.99204379176393 0.5915754540486581 0.0001
146 30.039370302050568 0 1.9858773076733591 0.5901177065591962 0.0001
146.5 30.039355282365417 0 1.9797188290354515 0.5887143865148019 0.0001
147 30.039340262687777 0 1.9735698722926789 0.5873641863621771 0.0001
147.5 30.039325243017647 0 1.9674318963172386 0.5860658265927728 0.0001
148 30.039310223355024 0 1.9613063040055398 0.5848180552343583 0.0001
148.5 30.03929520369991 0 1.9551944438412519 0.5836196473450516 0.0001
149 30.03928018405231 0 1.9490976114267609 0.5824694045103113 0.0001
149.5 30.039265164412218 0 1.9430170509829474 0.5813661543433444 0.0001
150 30.039250144779636 0 1.936953956817264 0.5803087499893512 0.0001
150.5 30.039235125154566 0 1.9309094747601492 0.5792960696339917 0.0001
151 30.039220105537 0 1.9248847035698677 0.5783270160164226 0.0001
151.5 30.039205085926948 0 1.9188806963059182 0.5774005159472251 0.0001
152 30.039190066324405 0 1.9128984616711913 0.5765155198315124 0.0001
152.5 30.039175046729373 0 1.9069389653231046 0.5756710011974755 0.0001
153 30.03916002714185 0 1.9010031311539781 0.5748659562306027 0.0001
153.5 30.039145007561835 0 1.895091842540945 0.5740994033137811 0.0001
154 30.03912998798933 0 1.8892059435657267 0.5733703825734644 0.0001
154.5 30.039114968424336 0 1.8833462402046228 0.5726779554320708 0.0001
155 30.039099948866852 0 1.8775135014890998 0.5720212041667511 0.0001
155.5 30.03908492931688 0 1.8717084606373715 0.5713992314746518 0.0001
156 30.039069909774415 0 1.865931816157396 0.5708111600447747 0.0001
156.5 30.03905489023946 0 1.8601842329217202 0.5702561321365223 0.0001
157 30.039039870712013 0 1.8544663432146258 0.5697333091649968 0.0001
157.5 30.039024851192078 0 1.8487787477520343 0.569241871293112 0.0001
158 30.039009831679653 0 1.8431220166746485 0.5687810170305578 0.0001
158.5 30.03899481217474 0 1.837496690514808 0.568349962839647 0.0001
159 30.03897979267733 0 1.8319032811375495 0.5679479427480608 0.0001
159.5 30.038964773187434 0 1.8263422726563647 0.5675742079685004 0.0001
160 30.038949753705047 0 1.8208141223241543 0.5672280265252383 0.0001
160.5 30.03893473423017 0 1.8153192613998792 0.5669086828875554 0.0001
161 30.038919714762805 0 1.8098580959914106 0.5666154776100425 0.0001
161.5 30.038904695302946 0 1.8044310078750834 0.5663477269797333 0.0001
162 30.038889675850598 0 1.7990383552924556 0.5661047626700306 0.0001
162.5 30.03887465640576 0 1.7936804737247736 0.5658859314013809 0.0001
163 30.038859636968432 0 1.7883576766456444 0.5656905946086451 0.0001
163.5 30.038844617538615 0 1.7830702562524106 0.5655181281151083 0.0001
164 30.038829598116305 0 1.7778184841767206 0.5653679218130646 0.0001
164.5 30.038814578701505 0 1.7726026121747835 0.565239379350912 0.0001
165 30.038799559294215 0 1.7674228727977916 0.5651319178266827 0.0001
165.5 30.038784539894436 0 1.7622794800429888 0.5650449674879361 0.0001
166 30.038769520502168 0 1.7571726299858599 0.5649779714379334 0.0001
166.5 30.038754501117406 0 1.7521025013939044 0.5649303853480138 0.0001
167 30.038739481740155 0 1.7470692563224586 0.5649016771760855 0.0001
167.5 30.038724462370414 0 1.7420730406930156 0.564891326891147 0.0001
168 30.038709443008184 0 1.7371139848544939 0.5648988262037471 0.0001
168.5 30.038694423653464 0 1.7321922041278903 0.5649236783022956 0.0001
169 30.03867940430625 0 1.7273077993347516 0.5649653975951296 0.0001
169.5 30.03866438496655 0 1.7224608573098867 0.5650235094582448 0.0001
170 30.038649365634356 0 1.717651451398738 0.5650975499885948 0.0001
170.5 30.038634346309674 0 1.7128796419398182 0.5651870657628658 0.0001
171 30.0386193269925 0 1.708145476732617 0.5652916136016282 0.0001
171.5 30.038604307682835 0 1.7034489914913642 0.5654107603387715 0.0001
172 30.03858928838068 0 1.69879021028504 0.5655440825961249 0.0001
172.5 30.038574269086038 0 1.6941691459640051 0.5656911665631671 0.0001
173 30.038559249798904 0 1.68958580057362 0.5658516077817299 0.0001
173.5 30.03854423051928 0 1.6850401657552139 0.5660250109355995 0.0001
174 30.038529211247162 0 1.6805322231347568 0.5662109896449187 0.0001
174.5 30.038514191982557 0 1.6760619446995755 0.5664091662652965 0.0001
175 30.038499172725462 0 1.6716292931634544 0.5666191716915305 0.0001
175.5 30.038484153475874 0 1.667234222320446 0.5668406451658468 0.0001
176 30.038469134233797 0 1.662876677387713 0.5670732340905653 0.0001
176.5 30.03845411499923 0 1.6585565953377173 0.5673165938450999 0.0001
177 30.038439095772173 0 1.6542739052200555 0.5675703876071985 0.0001
177.5 30.038424076552626 0 1.650028528473245 0.5678342861783366 0.0001
178 30.038409057340587 0 1.645820379226747 0.5681079678131733 0.0001
178.5 30.038394038136058 0 1.6416493645935104 0.5683911180529813 0.0001
179 30.03837901893904 0 1.6375153849533137 0.5686834295629652 0.0001
179.5 30.03836399974953 0 1.633418334227171 0.5689846019733827 0.0001
180 30.03834898056753 0 1.6293581001430666 0.5692943417243816 0.0001
180.5 30.03833396139304 0 1.6253345644932702 0.569612361914473 0.0001
181 30.03831894222606 0 1.6213476033834848 0.5699383821525561 0.0001
181.5 30.03830392306659 0 1.6173970874740637 0.5702721284134157 0.0001
182 30.038288903914626 0 1.6134828822135359 0.5706133328966116 0.0001
182.5 30.038273884770174 0 1.6096048480646654 0.5709617338886838 0.0001
183 30.03825886563323 0 1.6057628407232714 0.5713170756285946 0.0001
183.5 30.0382438465038 0 1.6019567113300184 0.5716791081763355 0.0001
184 30.038228827381875 0 1.5981863066753954 0.5720475872846219 0.0001
184.5 30.03821380826746 0 1.594451469398081 0.5724222742736054 0.0001
185 30.038198789160557 0 1.5907520381768978 0.5728029359085316 0.0001
185.5 30.038183770061163 0 1.5870878479165496 0.5731893442802742 0.0001
186 30.038168750969277 0 1.583458729927325 0.5735812766886766 0.0001
186.5 30.0381537318849 0 1.5798645120989558 0.5739785155286343 0.0001
187 30.038138712808035 0 1.5763050190688022 0.5743808481788526 0.0001
187.5 30.03812369373868 0 1.572780072384541 0.5747880668932153 0.0001
188 30.03810867467683 0 1.5692894906615233 0.5751999686947014 0.0001
188.5 30.038093655622493 0 1.5658330897349615 0.5756163552717882 0.0001
189 30.038078636575666 0 1.562410682807107 0.5760370328772807 0.0001
189.5 30.03806361753635 0 1.5590220805895714 0.576461812229508 0.0001
190 30.03804859850454 0 1.5556670914409376 0.5768905084158293 0.0001
190.5 30.03803357948024 0 1.5523455214998074 0.5773229407983937 0.0001
191 30.03801856046345 0 1.549057174813426 0.5777589329220969 0.0001
191.5 30.03800354145417 0 1.545801853462018 0.5781983124246823 0.0001
192 30.037988522452398 0 1.542579357678968 0.5786409109489346 0.0001
192.5 30.037973503458137 0 1.539389485966975 0.5790865640569112 0.0001
193 30.037958484471385 0 1.5362320352103027 0.5795351111461653 0.0001
193.5 30.037943465492145 0 1.5331068007832482 0.579986395367908 0.0001
194 30.03792844652041 0 1.5300135766549465 0.5804402635470632 0.0001
194.5 30.037913427556187 0 1.526952155490622 0.5808965661041688 0.0001
195 30.037898408599474 0 1.523922328749401 0.5813551569790766 0.0001
195.5 30.037883389650272 0 1.5209238867787886 0.5818158935564077 0.0001
196 30.037868370708576 0 1.5179566189059162 0.5822786365927206 0.0001
196.5 30.03785335177439 0 1.5150203135256588 0.5827432501453462 0.0001
197 30.037838332847716 0 1.5121147581857202 0.5832096015028523 0.0001
197.5 30.03782331392855 0 1.5092397396687807 0.5836775611170936 0.0001
198 30.03780829501689 0 1.5063950440717997 0.58414700253681 0.0001
198.5 30.037793276112744 0 1.5035804568825604 0.5846178023427334 0.0001
199 30.037778257216107 0 1.5007957630535447 0.5850898400841661 0.0001
199.5 30.037763238326978 0 1.4980407470732215 0.5855629982169932 0.0001
200 30.03774821944536 0 1.495315193034829 0.5860371620430944 0.0001
200.5 30.03773320057125 0 1.4926188847027295 0.5865122196511197 0.0001
201 30.037718181704648 0 1.4899516055764144 0.5869880618585946 0.0001
201.5 30.037703162845556 0 1.4873131389522312 0.587464582155323 0.0001
202 30.037688143993975 0 1.484703267982906 0.5879416766480534 0.0001
202.5 30.037673125149905 0 1.4821217757349296 0.588419244006379 0.0001
203 30.03765810631334 0 1.479568445243876 0.5888971854098402 0.0001
203.5 30.037643087484287 0 1.4770430595677158 0.5893754044961983 0.0001
204 30.037628068662745 0 1.4745454018381914 0.5898538073108544 0.0001
204.5 30.03761304984871 0 1.4720752553103125 0.5903323022573808 0.0001
205 30.037598031042183 0 1.4696324034100317 0.5908108000491414 0.0001
205.5 30.037583012243168 0 1.4672166297801597 0.5912892136619716 0.0001
206 30.037567993451663 0 1.464827718324573 0.5917674582878916 0.0001
206.5 30.037552974667665 0 1.4624654532507708 0.5922454512898284 0.0001
207 30.037537955891178 0 1.4601296191108304 0.5927231121573218 0.0001
207.5 30.0375229371222 0 1.4578200008408158 0.5932003624631877 0.0001
208 30.03750791836073 0 1.4555363837986857 0.5936771258211189 0.0001
208.5 30.03749289960677 0 1.4532785538007489 0.594153327844196 0.0001
209 30.037477880860322 0 1.4510462971567148 0.5946288961042904 0.0001
209.5 30.037462862121384 0 1.4488394007033822 0.595103760092333 0.0001
210 30.037447843389952 0 1.4466576518370102 0.5955778511794317 0.0001
210.5 30.03743282466603 0 1.4445008385444131 0.5960511025788136 0.0001
211 30.03741780594962 0 1.4423687494328215 0.5965234493085726 0.0001
211.5 30.037402787240715 0 1.4402611737585453 0.5969948281552047 0.0001
212 30.037387768539322 0 1.4381779014544824 0.5974651776379084 0.0001
212.5 30.03737274984544 0 1.436118723156503 0.5979344379736345 0.0001
213 30.037357731159062 0 1.4340834302287526 0.5984025510428657 0.0001
213.5 30.037342712480196 0 1.4320718147879032 0.5988694603561082 0.0001
214 30.03732769380884 0 1.430083669726389 0.5993351110210794 0.0001
214.5 30.037312675144992 0 1.428118788734657 0.5997994497105728 0.0001
215 30.037297656488654 0 1.4261769663224673 0.6002624246309861 0.0001
215.5 30.037282637839827 0 1.4242579978392707 0.600723985491495 0.0001
216 30.03726761919851 0 1.4223616794936937 0.6011840834738575 0.0001
216.5 30.0372526005647 0 1.4204878083721617 0.6016426712028344 0.0001
217 30.0372375819384 0 1.418636182456685 0.6020997027172103 0.0001
217.5 30.03722256331961 0 1.416806600641838 0.602555133441401 0.0001
218 30.037207544708327 0 1.4149988627509538 0.6030089201576351 0.0001
218.5 30.037192526104555 0 1.4132127695515626 0.6034610209786928 0.0001
219 30.037177507508293 0 1.4114481227700981 0.6039113953211926 0.0001
219.5 30.037162488919538 0 1.4097047251058925 0.6043600038794101 0.0001
220 30.037147470338294 0 1.407982380244487 0.6048068085996176 0.0001
220.5 30.03713245176456 0 1.4062808928702781 0.6052517726549326 0.0001
221 30.037117433198333 0 1.4046000686785207 0.6056948604206632 0.0001
221.5 30.037102414639616 0 1.4029397143867102 0.6061360374501382 0.0001
222 30.03708739608841 0 1.4012996377453621 0.606575270451011 0.0001
222.5 30.03707237754471 0 1.399679647548212 0.6070125272620271 0.0001
223 30.03705735900852 0 1.3980795536418498 0.6074477768302438 0.0001
223.5 30.037042340479843 0 1.3964991669348108 0.6078809891886914 0.0001
224 30.03702732195867 0 1.3949382994061401 0.608312135434467 0.0001
224.5 30.03701230344501 0 1.3933967641134464 0.6087411877072502 0.0001
225 30.03699728493886 0 1.3918743752004636 0.6091681191682307 0.0001
225.5 30.036982266440216 0 1.3903709479041355 0.6095929039794401 0.0001
226 30.036967247949082 0 1.388886298561238 0.6100155172834775 0.0001
226.5 30.03695222946546 0 1.3874202446145574 0.6104359351836195 0.0001
227 30.036937210989343 0 1.3859726046186347 0.6108541347243085 0.0001
227.5 30.036922192520738 0 1.3845431982450946 0.6112700938720081 0.0001
228 30.036907174059643 0 1.3831318462875701 0.6116837914964195 0.0001
228.5 30.036892155606054 0 1.3817383706662372 0.6120952073520489 0.0001
229 30.036877137159976 0 1.3803625944319713 0.6125043220601213 0.0001
229.5 30.03686211872141 0 1.3790043417701403 0.6129111170908295 0.0001
230 30.03684710029035 0 1.3776634380040438 0.6133155747459137 0.0001
230.5 30.036832081866798 0 1.3763397095980114 0.6137176781415634 0.0001
231 30.03681706345076 0 1.3750329841601718 0.6141174111916348 0.0001
231.5 30.036802045042226 0 1.3737430904449024 0.6145147585911765 0.0001
232 30.036787026641203 0 1.372469858354971 0.6149097058002587 0.0001
232.5 30.03677200824769 0 1.3712131189433807 0.6153022390280962 0.0001
233 30.036756989861686 0 1.3699727044149252 0.6156923452174627 0.0001
233.5 30.036741971483192 0 1.368748448127467 0.6160800120293872 0.0001
234 30.036726953112208 0 1.3675401845929465 0.6164652278281284 0.0001
234.5 30.03671193474873 0 1.3663477494781313 0.6168479816664204 0.0001
235 30.036696916392764 0 1.3651709796051152 0.6172282632709848 0.0001
235.5 30.036681898044304 0 1.3640097129515727 0.6176060630283028 0.0001
236 30.036666879703354 0 1.3628637886507815 0.6179813719706426 0.0001
236.5 30.036651861369915 0 1.361733046991417 0.6183541817623371 0.0001
237 30.036636843043983 0 1.3606173294171295 0.6187244846863055 0.0001
237.5 30.03662182472556 0 1.359516478525909 0.6190922736308152 0.0001
238 30.03660680641465 0 1.3584303380692468 0.6194575420764795 0.0001
238.5 30.036591788111245 0 1.3573587529511 0.6198202840834841 0.0001
239 30.03657676981535 0 1.3563015692266658 0.6201804942790402 0.0001
239.5 30.036561751526968 0 1.3552586341009727 0.6205381678450589 0.0001
240 30.03654673324609 0 1.3542297959272942 0.620893300506042 0.0001
240.5 30.036531714972725 0 1.353214904205391 0.6212458885171858 0.0001
241 30.03651669670687 0 1.3522138095795888 0.6215959286526928 0.0001
241.5 30.03650167844852 0 1.351226363836697 0.6219434181942886 0.0001
242 30.03648666019768 0 1.3502524199037726 0.6222883549199384 0.0001
242.5 30.03647164195435 0 1.3492918318457379 0.6226307370927608 0.0001
243 30.03645662371853 0 1.3483444548628525 0.622970563450134 0.0001
243.5 30.036441605490218 0 1.34741014528805 0.6233078331929914 0.0001
244 30.036426587269414 0 1.3464887605841405 0.6236425459753026 0.0001
244.5 30.03641156905612 0 1.3455801593408843 0.6239747018937366 0.0001
245 30.036396550850338 0 1.3446842012719438 0.6243043014775042 0.0001
245.5 30.03638153265206 0 1.3438007472117146 0.6246313456783746 0.0001
246 30.036366514461296 0 1.3429296591120434 0.624955835860866 0.0001
246.5 30.036351496278037 0 1.342070800038834 0.6252777737926031 0.0001
247 30.03633647810229 0 1.3412240341685473 0.6255971616348418 0.0001
247.5 30.03632145993405 0 1.3403892267845998 0.6259140019331569 0.0001
248 30.03630644177332 0 1.339566244273662 0.6262282976082892 0.0001
248.5 30.0362914236201 0 1.3387549541218624 0.6265400519471496 0.0001
249 30.03627640547439 0 1.337955224910901 0.6268492685939778 0.0001
249.5 30.036261387336186 0 1.3371669263140733 0.6271559515416529 0.0001
250 30.036246369205493 0 1.336389929092211 0.6274601051231521 0.0001
250.5 30.036231351082307 0 1.3356241050895412 0.6277617340031557 0.0001
251 30.03621633296663 0 1.334869327229467 0.6280608431697967 0.0001
251.5 30.036201314858467 0 1.3341254695102736 0.6283574379265505 0.0001
252 30.03618629675781 0 1.333392407000763 0.6286515238842642 0.0001
252.5 30.03617127866466 0 1.3326700158358182 0.6289431069533213 0.0001
253 30.03615626057902 0 1.331958173211902 0.629232193335942 0.0001
253.5 30.03614124250089 0 1.331256757382491 0.6295187895186134 0.0001
254 30.03612622443027 0 1.330565647653451 0.6298029022646506 0.0001
254.5 30.036111206367156 0 1.3298847243783518 0.630084538606885 0.0001
255 30.036096188311554 0 1.3292138689537258 0.6303637058404769 0.0001
255.5 30.036081170263458 0 1.3285529638142748 0.6306404115158525 0.0001
256 30.036066152222872 0 1.3279018924280244 0.6309146634317614 0.0001
256.5 30.036051134189798 0 1.3272605392914292 0.6311864696284532 0.0001
257 30.03603611616423 0 1.3266287899244318 0.631455838380971 0.0001
257.5 30.036021098146172 0 1.3260065308654767 0.6317227781925612 0.0001
258 30.03600608013562 0 1.3253936496664813 0.6319872977881955 0.0001
258.5 30.03599106213258 0 1.3247900348877673 0.6322494061082055 0.0001
259 30.03597604413705 0 1.3241955760929514 0.6325091123020258 0.0001
259.5 30.035961026149028 0 1.3236101638438014 0.6327664257220468 0.0001
260 30.035946008168516 0 1.3230336896950554 0.6330213559175724 0.0001
260.5 30.03593099019551 0 1.3224660461892088 0.6332739126288828 0.0001
261 30.035915972230015 0 1.3219071268512692 0.6335241057814008 0.0001
261.5 30.03590095427203 0 1.3213568261834816 0.6337719454799586 0.0001
262 30.035885936321552 0 1.3208150396600253 0.634017442003165 0.0001
262.5 30.035870918378585 0 1.3202816637216839 0.6342606057978705 0.0001
263 30.035855900443124 0 1.31975659577049 0.6345014474737292 0.0001
263.5 30.035840882515174 0 1.319239734164347 0.6347399777978563 0.0001
264 30.035825864594734 0 1.3187309782116268 0.6349762076895789 0.0001
264.5 30.0358108466818 0 1.3182302281657485 0.635210148215279 0.0001
265 30.03579582877638 0 1.3177373852197365 0.6354418105833283 0.0001
265.5 30.035780810878464 0 1.3172523515007601 0.6356712061391113 0.0001
266 30.03576579298806 0 1.3167750300646572 0.635898346360138 0.0001
266.5 30.03575077510516 0 1.316305324890441 0.6361232428512419 0.0001
267 30.035735757229773 0 1.3158431408747928 0.6363459073398651 0.0001
267.5 30.035720739361896 0 1.3153883838265412 0.6365663516714267 0.0001
268 30.035705721501525 0 1.3149409604611293 0.6367845878047748 0.0001
268.5 30.035690703648665 0 1.3145007783950704 0.6370006278077195 0.0001
269 30.035675685803312 0 1.3140677461403936 0.6372144838526477 0.0001
269.5 30.03566066796547 0 1.313641773099081 0.637426168212216 0.0001
270 30.035645650135134 0 1.3132227695574956 0.637635693255123 0.0001
270.5 30.03563063231231 0 1.3128106466808036 0.637843071441958 0.0001
271 30.035615614496994 0 1.312405316507389 0.6380483153211254 0.0001
271.5 30.035600596689186 0 1.312006691943265 0.638251437524845 0.0001
272 30.035585578888888 0 1.3116146867564786 0.638452450765225 0.0001
272.5 30.035570561096097 0 1.3112292155715146 0.6386513678304085 0.0001
273 30.035555543310817 0 1.3108501938636945 0.6388482015807907 0.0001
273.5 30.035540525533044 0 1.3104775379535754 0.6390429649453077 0.0001
274 30.03552550776278 0 1.3101111650013473 0.6392356709177941 0.0001
274.5 30.03551049000003 0 1.3097509930012303 0.6394263325534099 0.0001
275 30.035495472244783 0 1.3093969407758725 0.6396149629651342 0.0001
275.5 30.035480454497048 0 1.3090489279707493 0.6398015753203262 0.0001
276 30.03546543675682 0 1.3087068750485649 0.6399861828373513 0.0001
276.5 30.0354504190241 0 1.308370703283656 0.6401687987822724 0.0001
277 30.03543540129889 0 1.3080403347564 0.6403494364656047 0.0001
277.5 30.03542038358119 0 1.3077156923476267 0.6405281092391335 0.0001
278 30.035405365871 0 1.3073966997330349 0.640704830492794 0.0001
278.5 30.035390348168317 0 1.3070832813776139 0.6408796136516121 0.0001
279 30.035375330473144 0 1.3067753625300729 0.6410524721727053 0.0001
279.5 30.03536031278548 0 1.3064728692172745 0.6412234195423439 0.0001
280 30.035345295105323 0 1.3061757282386772 0.6413924692730688 0.0001
280.5 30.035330277432674 0 1.3058838671607857 0.6415596349008693 0.0001
281 30.035315259767536 0 1.3055972143116081 0.6417249299824161 0.0001
281.5 30.035300242109905 0 1.3053156987751233 0.6418883680923512 0.0001
282 30.035285224459784 0 1.3050392503857577 0.6420499628206323 0.0001
282.5 30.03527020681717 0 1.3047677997228717 0.6422097277699328 0.0001
283 30.035255189182067 0 1.304501278105256 0.6423676765530943 0.0001
283.5 30.035240171554474 0 1.3042396175856399 0.6425238227906332 0.0001
284 30.035225153934388 0 1.3039827509452095 0.6426781801082985 0.0001
284.5 30.035210136321812 0 1.30373061168814 0.6428307621346812 0.0001
285 30.035195118716743 0 1.3034831340361377 0.6429815824988752 0.0001
285.5 30.035180101119185 0 1.3032402529229967 0.6431306548281873 0.0001
286 30.035165083529133 0 1.303001903989168 0.6432779927458969 0.0001
286.5 30.035150065946592 0 1.302768023576342 0.6434236098690641 0.0001
287 30.035135048371558 0 1.3025385487220447 0.6435675198063856 0.0001
287.5 30.035120030804034 0 1.3023134171542499 0.6437097361560981 0.0001
288 30.035105013244017 0 1.302092567286004 0.6438502725039278 0.0001
288.5 30.03508999569151 0 1.3018759382100675 0.6439891424210862 0.0001
289 30.03507497814651 0 1.3016634696935712 0.6441263594623104 0.0001
289.5 30.035059960609022 0 1.3014551021726881 0.6442619371639489 0.0001
290 30.035044943079043 0 1.3012507767473225 0.6443958890420899 0.0001
290.5 30.03502992555657 0 1.3010504351758148 0.6445282285907343 0.0001
291 30.03501490804161 0 1.3008540198696628 0.6446589692800104 0.0001
291.5 30.034999890534156 0 1.3006614738882614 0.6447881245544308 0.0001
292 30.03498487303421 0 1.3004727409336587 0.6449157078311908 0.0001
292.5 30.034969855541775 0 1.3002877653453306 0.6450417324985074 0.0001
293 30.034954838056848 0 1.3001064920949728 0.6451662119139986 0.0001
293.5 30.034939820579428 0 1.2999288667813114 0.6452891594031023 0.0001
294 30.03492480310952 0 1.299754835624933 0.6454105882575342 0.0001
294.5 30.034909785647116 0 1.299584345463133 0.6455305117337837 0.0001
295 30.034894768192224 0 1.299417343744782 0.6456489430516488 0.0001
295.5 30.03487975074484 0 1.2992537785252138 0.6457658953928064 0.0001
296 30.034864733304964 0 1.2990935984611323 0.6458813818994216 0.0001
296.5 30.034849715872596 0 1.2989367528055369 0.6459954156727914 0.0001
297 30.03483469844774 0 1.2987831914026704 0.6461080097720248 0.0001
297.5 30.03481968103039 0 1.298632864682986 0.6462191772127579 0.0001
298 30.034804663620548 0 1.2984857236581355 0.6463289309659037 0.0001
298.5 30.034789646218215 0 1.2983417199159768 0.6464372839564358 0.0001
299 30.034774628823392 0 1.298200805615605 0.6465442490622056 0.0001
299.5 30.034759611436076 0 1.2980629334824028 0.6466498391127925 0.0001
300 30.03474459405627 0 1.2979280568031135 0.6467540668883868 0.0001
300.5 30.034729576683972 0 1.2977961294209355 0.6468569451187046 0.0001
301 30.034714559319184 0 1.2976671057306375 0.6469584864819343 0.0001
301.5 30.034699541961903 0 1.2975409406736975 0.6470587036037134 0.0001
302 30.034684524612132 0 1.297417589733463 0.6471576090561368 0.0001
302.5 30.034669507269868 0 1.297297008930334 0.6472552153567951 0.0001
303 30.034654489935114 0 1.297179154816968 0.6473515349678414 0.0001
303.5 30.034639472607868 0 1.2970639844735086 0.6474465802950887 0.0001
304 30.03462445528813 0 1.2969514555028363 0.6475403636871352 0.0001
304.5 30.034609437975902 0 1.2968415260258428 0.6476328974345175 0.0001
305 30.034594420671183 0 1.296734154676728 0.6477241937688923 0.0001
305.5 30.03457940337397 0 1.2966293005983207 0.6478142648622452 0.0001
306 30.03456438608427 0 1.2965269234374233 0.6479031228261258 0.0001
306.5 30.034549368802075 0 1.2964269833401785 0.6479907797109101 0.0001
307 30.03453435152739 0 1.2963294409474615 0.6480772475050883 0.0001
307.5 30.034519334260214 0 1.2962342573902954 0.6481625381345785 0.0001
308 30.034504317000547 0 1.2961413942852902 0.648246663462065 0.0001
308.5 30.034489299748387 0 1.296050813730106 0.6483296352863627 0.0001
309 30.034474282503737 0 1.2959624782989414 0.6484114653418038 0.0001
309.5 30.034459265266594 0 1.2958763510380447 0.6484921652976504 0.0001
310 30.034444248036962 0 1.2957923954612502 0.6485717467575292 0.0001
310.5 30.034429230814837 0 1.2957105755455403 0.64865022125889 0.0001
311 30.034414213600222 0 1.2956308557266292 0.6487276002724873 0.0001
311.5 30.034399196393114 0 1.2955532008945747 0.6488038952018828 0.0001
312 30.034384179193516 0 1.2954775763894124 0.6488791173829713 0.0001
312.5 30.034369162001425 0 1.2954039479968156 0.6489532780835281 0.0001
313 30.034354144816845 0 1.29533228194378 0.6490263885027763 0.0001
313.5 30.03433912763977 0 1.2952625448943345 0.6490984597709761 0.0001
314 30.03432411047021 0 1.2951947039452745 0.6491695029490349 0.0001
314.5 30.034309093308153 0 1.2951287266219236 0.6492395290281356 0.0001
315 30.034294076153607 0 1.295064580873918 0.6493085489293872 0.0001
315.5 30.03427905900657 0 1.2950022350710175 0.6493765735034922 0.0001
316 30.03426404186704 0 1.294941657998941 0.6494436135304356 0.0001
316.5 30.03424902473502 0 1.2948828188552286 0.64950967971919 0.0001
317 30.034234007610507 0 1.2948256872451274 0.6495747827074416 0.0001
317.5 30.034218990493503 0 1.2947702331775046 0.6496389330613319 0.0001
318 30.03420397338401 0 1.2947164270607854 0.6497021412752186 0.0001
318.5 30.034188956282023 0 1.2946642396989154 0.6497644177714533 0.0001
319 30.034173939187546 0 1.2946136422873509 0.6498257729001763 0.0001
319.5 30.034158922100577 0 1.2945646064090721 0.649886216939128 0.0001
320 30.034143905021114 0 1.2945171040306247 0.6499457600934767 0.0001
