 .5  .15  .3  .2985794  .1114097  1.403002 
 1  .2989478  .3  .2973058  .1435743  1.325174 
 1.5  .446967  .3  .296424  .1741752  1.321761 
 2  .5940131  .3  .2959122  .2043482  1.314564 
 2.5  .7401088  .3  .2957623  .2340418  1.307606 
 3  .8852699  .3  .2959662  .2632655  1.300681 
 3.5  1.029513  .3  .2965159  .2920251  1.293801 
 4  1.172853  .3  .2974038  .3203263  1.286969 
 4.5  1.315306  .3  .2986226  .3481746  1.280187 
 5  1.456886  .3  .3001652  .3755754  1.273457 
 5.5  1.59761  .3  .3020248  .4025336  1.266779 
 6  1.737491  .3  .3041951  .429054  1.260155 
 6.5  1.876543  .3  .3066696  .4551414  1.253587 
 7  2.014782  .3  .3094424  .4808002  1.247075 
 7.5  2.152219  .3  .3125078  .5060348  1.24062 
 8  2.288868  .3  .31586  .5308491  1.234222 
 8.5  2.424744  .3  .3194938  .5552472  1.227881 
 9  2.559857  .3  .3234039  .5792329  1.221599 
 9.5  2.694221  .3  .3275854  .60281  1.215374 
 10  2.827849  .3  .3320334  .6259821  1.209207 
 10.5  2.960752  .3  .3367434  .6487525  1.203097 
 11  3.092941  .3  .3417109  .6711248  1.197045 
 11.5  3.224429  .3  .3469315  .693102  1.191049 
 12  3.355227  .3  .3524011  .7146875  1.18511 
 12.5  3.485345  .3  .3581156  .7358842  1.179226 
 13  3.614795  .3  .3640712  .7566952  1.173398 
 13.5  3.743587  .3  .3702641  .7771235  1.167624 
 14  3.871732  .3  .3766907  .7971718  1.161903 
 14.5  3.999239  .3  .3833474  .8168429  1.156234 
 15  4.126119  .3  .3902308  .8361397  1.150617 
 15.5  4.252381  .3  .3973376  .8550647  1.145051 
 16  4.378035  .3  .4046646  .8736206  1.139534 
 16.5  4.503091  .3  .4122087  .8918101  1.134066 
 17  4.627557  .3  .4199669  .9096355  1.128645 
 17.5  4.751442  .3  .4279362  .9270995  1.12327 
 18  4.874757  .3  .4361137  .9442046  1.11794 
 18.5  4.997508  .3  .4444966  .9609531  1.112655 
 19  5.119706  .3  .4530821  .9773474  1.107411 
 19.5  5.241358  .3  .4618677  .9933901  1.102209 
 20  5.362473  .3  .4708506  1.009084  1.097047 
 20.5  5.483058  .3  .4800284  1.02443  1.091924 
 21  5.603123  .3  .4893984  1.039432  1.086839 
 21.5  5.722675  .3  .4989582  1.054091  1.081791 
 22  5.841721  .3  .5087054  1.068411  1.076777 
 22.5  5.96027  .3  .5186375  1.082393  1.071798 
 23  6.078329  .3  .5287522  1.096039  1.066851 
 23.5  6.195905  .3  .539047  1.109353  1.061937 
 24  6.313007  .3  .5495197  1.122335  1.057052 
 24.5  6.429641  .3  .5601679  1.13499  1.052197 
 25  6.545815  .3  .5709893  1.147318  1.04737 
 25.5  6.661536  .3  .5819816  1.159323  1.04257 
 26  6.77681  .3  .5931425  1.171006  1.037795 
 26.5  6.891645  .3  .6044697  1.18237  1.033046 
 27  7.006048  .3  .6159609  1.193417  1.02832 
 27.5  7.120026  .3  .6276137  1.20415  1.023617 
 28  7.233586  .3  .6394258  1.21457  1.018936 
 28.5  7.346733  .3  .651395  1.224681  1.014276 
 29  7.459475  .3  .6635188  1.234485  1.009635 
 29.5  7.571818  .3  .6757947  1.243984  1.005013 
 30  7.683769  .3  .6882205  1.25318  1.000409 
 30.5  7.795335  .3  .7007937  1.262077  .9958215 
 31  7.906521  .3  .7135118  1.270675  .9912505 
 31.5  8.017334  .3  .7263724  1.278979  .9866948 
 32  8.127781  .3  .7393728  1.28699  .9821537 
 32.5  8.237868  .3  .7525106  1.294711  .9776261 
 33  8.3476  .3  .765783  1.302145  .9731117 
 33.5  8.456985  .3  .7791875  1.309293  .9686095 
 34  8.566027  .3  .7927214  1.316159  .9641187 
 34.5  8.674733  .3  .8063817  1.322746  .9596391 
 35  8.78311  .3  .8201659  1.329055  .9551696 
 35.5  8.891163  .3  .834071  1.335089  .9507093 
 36  8.998899  .3  .8480941  1.340852  .9462585 
 36.5  9.106322  .3  .8622323  1.346346  .9418161 
 37  9.21344  .3  .8764826  1.351574  .9373811 
 37.5  9.320257  .3  .8908418  1.356537  .9329536 
 38  9.426781  .3  .905307  1.36124  .9285333 
 38.5  9.533015  .3  .9198748  1.365686  .9241185 
 39  9.638968  .3  .9345421  1.369875  .9197097 
 39.5  9.744642  .3  .9493055  1.373813  .9153066 
 40  9.850045  .3  .9641618  1.377501  .9109083 
 40.5  9.955183  .3  .9791073  1.380943  .9065144 
 41  10.06006  .3  .9941388  1.384141  .9021246 
 41.5  10.16468  .3  1.009253  1.387099  .8977386 
 42  10.26906  .3  1.024445  1.389819  .8933558 
 42.5  10.37319  .3  1.039713  1.392305  .8889759 
 43  10.47708  .3  1.055052  1.394559  .8845984 
 43.5  10.58074  .3  1.070459  1.396585  .8802236 
 44  10.68417  .3  1.085929  1.398385  .8758504 
 44.5  10.78738  .3  1.10146  1.399964  .8714792 
 45  10.89038  .3  1.117046  1.401323  .8671091 
 45.5  10.99316  .3  1.132685  1.402467  .8627402 
 46  11.09574  .3  1.148371  1.403398  .858372 
 46.5  11.19812  .3  1.164102  1.40412  .8540043 
 47  11.30031  .3  1.179872  1.404635  .8496371 
 47.5  11.4023  .3  1.195678  1.404948  .8452699 
 48  11.50411  .3  1.211515  1.405062  .8409024 
 48.5  11.60574  .3  1.227379  1.404979  .8365346 
 49  11.7072  .3  1.243266  1.404703  .8321662 
 49.5  11.80849  .3  1.259171  1.404238  .8277973 
 50  11.90961  .3  1.275091  1.403586  .8234266 
 50.5  12.01058  .3  1.29102  1.402752  .8190555 
 51  12.11139  .3  1.306955  1.401739  .8146826 
 51.5  12.21205  .3  1.32289  1.400549  .8103082 
 52  12.31258  .3  1.338821  1.399187  .8059322 
 52.5  12.41296  .3  1.354745  1.397656  .8015542 
 53  12.51321  .3  1.370656  1.395959  .7971742 
 53.5  12.61334  .3  1.386549  1.3941  .7927917 
 54  12.71334  .3  1.402421  1.392083  .7884074 
 54.5  12.81322  .3  1.418267  1.38991  .7840199 
 55  12.91299  .3  1.434081  1.387585  .7796301 
 55.5  13.01266  .3  1.449861  1.385112  .7752373 
 56  13.11222  .3  1.4656  1.382494  .7708417 
 56.5  13.21168  .3  1.481295  1.379734  .7664431 
 57  13.31105  .3  1.496941  1.376837  .7620412 
 57.5  13.41033  .3  1.512533  1.373805  .7576358 
 58  13.50953  .3  1.528068  1.370643  .7532273 
 58.5  13.60865  .3  1.54354  1.367353  .7488147 
 59  13.7077  .3  1.558945  1.363939  .7443989 
 59.5  13.80668  .3  1.574279  1.360404  .7399789 
 60  13.9056  .3  1.589537  1.356752  .7355552 
 60.5  14.00446  .3  1.604715  1.352987  .7311274 
 61  14.10326  .3  1.619809  1.34911  .7266952 
 61.5  14.20202  .3  1.634814  1.345127  .7222591 
 62  14.30073  .3  1.649727  1.341041  .7178185 
 62.5  14.3994  .3  1.664542  1.336854  .7133731 
 63  14.49804  .3  1.679257  1.33257  .7089235 
 63.5  14.59665  .3  1.693866  1.328193  .704469 
 64  14.69524  .3  1.708366  1.323725  .7000098 
 64.5  14.7938  .3  1.722753  1.31917  .6955456 
 65  14.89235  .3  1.737023  1.314531  .6910762 
 65.5  14.99089  .3  1.751172  1.309812  .6866018 
 66  15.08943  .3  1.765197  1.305015  .6821221 
 66.5  15.18797  .3  1.779094  1.300144  .6776372 
 67  15.28651  .3  1.792859  1.295201  .6731467 
 67.5  15.38506  .3  1.806489  1.290191  .6686508 
 68  15.48362  .3  1.81998  1.285115  .6641491 
 68.5  15.5822  .3  1.83333  1.279977  .6596419 
 69  15.68081  .3  1.846534  1.27478  .6551286 
 69.5  15.77945  .3  1.85959  1.269526  .6506094 
 70  15.87812  .3  1.872494  1.264219  .6460843 
 70.5  15.97682  .3  1.885244  1.258861  .6415526 
 71  16.07557  .3  1.897837  1.253456  .6370154 
 71.5  16.17437  .3  1.91027  1.248006  .632471 
 72  16.27322  .3  1.92254  1.242513  .6279207 
 72.5  16.37213  .3  1.934644  1.236981  .6233635 
 73  16.4711  .3  1.946581  1.231411  .6187998 
 73.5  16.57014  .3  1.958348  1.225807  .6142293 
 74  16.66925  .3  1.969942  1.220171  .6096519 
 74.5  16.76844  .3  1.981361  1.214506  .6050675 
 75  16.86771  .3  1.992603  1.208813  .6004758 
 75.5  16.96707  .3  2.003667  1.203096  .5958771 
 76  17.06652  .3  2.01455  1.197356  .5912711 
 76.5  17.16606  .3  2.025251  1.191596  .5866575 
 77  17.26571  .3  2.035767  1.185818  .5820365 
 77.5  17.36546  .3  2.046098  1.180024  .5774081 
 78  17.46533  .3  2.056241  1.174217  .5727715 
 78.5  17.56531  .3  2.066196  1.168398  .5681272 
 79  17.66541  .3  2.075961  1.162569  .5634748 
 79.5  17.76564  .3  2.085535  1.156733  .5588146 
 80  17.866  .3  2.094917  1.150891  .554146 
 80.5  17.9665  .3  2.104106  1.145045  .5494689 
 81  18.06714  .3  2.113101  1.139197  .5447839 
 81.5  18.16793  .3  2.121902  1.133348  .5400899 
 82  18.26887  .3  2.130507  1.127501  .5353873 
 82.5  18.36996  .3  2.138916  1.121657  .5306758 
 83  18.47122  .3  2.147128  1.115817  .5259555 
 83.5  18.57264  .3  2.155144  1.109983  .5212261 
 84  18.67424  .3  2.162962  1.104157  .5164874 
 84.5  18.77601  .3  2.170584  1.098339  .5117395 
 85  18.87797  .3  2.178007  1.092532  .5069821 
 85.5  18.98012  .3  2.185233  1.086737  .5022155 
 86  19.08246  .3  2.192262  1.080954  .4974386 
 86.5  19.185  .3  2.199094  1.075186  .4926524 
 87  19.28774  .3  2.205728  1.069433  .4878559 
 87.5  19.39069  .3  2.212166  1.063696  .4830492 
 88  19.49386  .3  2.218407  1.057977  .4782325 
 88.5  19.59724  .3  2.224452  1.052276  .4734057 
 89  19.70086  .3  2.230302  1.046595  .4685676 
 89.5  19.8047  .3  2.235956  1.040934  .4637196 
 90  19.90878  .3  2.241417  1.035295  .4588606 
 90.5  20.0131  .3  2.246684  1.029678  .4539906 
 91  20.11767  .3  2.251759  1.024084  .4491094 
 91.5  20.2225  .3  2.256641  1.018513  .4442171 
 92  20.32758  .3  2.261333  1.012968  .4393134 
 92.5  20.43293  .3  2.265835  1.007447  .4343978 
 93  20.53855  .3  2.270148  1.001952  .4294709 
 93.5  20.64445  .3  2.274273  .996483  .4245318 
 94  20.75062  .3  2.278212  .9910413  .4195811 
 94.5  20.85709  .3  2.281965  .9856269  .4146178 
 95  20.96385  .3  2.285534  .9802405  .4096421 
 95.5  21.07091  .3  2.288921  .9748824  .4046541 
 96  21.17828  .3  2.292125  .969553  .3996535 
 96.5  21.28596  .3  2.295149  .9642527  .3946397 
 97  21.39396  .3  2.297995  .9589819  .389613 
 97.5  21.50228  .3  2.300664  .9537407  .3845732 
 98  21.61094  .3  2.303156  .9485295  .3795198 
 98.5  21.71993  .3  2.305475  .9433486  .3744529 
 99  21.82926  .3  2.30762  .938198  .3693724 
 99.5  21.93895  .3  2.309595  .9330781  .3642774 
 100  22.04899  .3  2.311399  .9279888  .3591687 
 100.5  22.15939  .3  2.313036  .9229304  .3540457 
 101  22.27017  .3  2.314507  .9179029  .348908 
 101.5  22.38131  .3  2.315813  .9129064  .3437553 
 102  22.49285  .3  2.316957  .9079409  .3385882 
 102.5  22.60477  .3  2.317939  .9030063  .3334056 
 103  22.71709  .3  2.318763  .8981028  .3282078 
 103.5  22.82981  .3  2.319428  .8932301  .3229943 
 104  22.94294  .3  2.319938  .8883883  .3177651 
 104.5  23.05649  .3  2.320294  .8835772  .3125199 
 105  23.17046  .3  2.320497  .8787968  .3072586 
 105.5  23.28486  .3  2.320551  .8740469  .3019806 
 106  23.3997  .3  2.320455  .8693274  .2966859 
 106.5  23.51499  .3  2.320213  .864638  .2913748 
 107  23.63073  .3  2.319826  .8599786  .2860462 
 107.5  23.74693  .3  2.319296  .8553489  .2807003 
 108  23.8636  .3  2.318624  .8507488  .2753368 
 108.5  23.98075  .3  2.317813  .8461781  .2699553 
 109  24.09838  .3  2.316864  .8416363  .264556 
 109.5  24.21651  .3  2.31578  .8371233  .2591384 
 110  24.33513  .3  2.314561  .8326387  .2537021 
 110.5  24.45426  .3  2.313211  .8281822  .2482466 
 111  24.57391  .3  2.31173  .8237536  .2427724 
 111.5  24.69408  .3  2.310121  .8193524  .2372785 
 112  24.81478  .3  2.308385  .8149783  .2317653 
 112.5  24.93603  .3  2.306524  .8106309  .2262319 
 113  25.05782  .3  2.30454  .80631  .2206785 
 113.5  25.18017  .3  2.302434  .802015  .2151044 
 114  25.30309  .3  2.300209  .7977456  .2095099 
 114.5  25.42658  .3  2.297866  .7935014  .2038941 
 115  25.55066  .3  2.295408  .789282  .1982569 
 115.5  25.67533  .3  2.292834  .7850869  .1925981 
 116  25.80061  .3  2.290149  .7809157  .1869174 
 116.5  25.9265  .3  2.287352  .776768  .1812143 
 117  26.053  .3  2.284446  .7726433  .1754888 
 117.5  26.18014  .3  2.281432  .7685411  .1697404 
 118  26.30793  .3  2.278313  .7644611  .1639686 
 118.5  26.43636  .3  2.275089  .7604026  .1581735 
 119  26.56545  .3  2.271763  .7563652  .1523547 
 119.5  26.69521  .3  2.268336  .7523484  .1465111 
 120  26.82566  .3  2.264809  .7483518  .1406435 
 120.5  26.95679  .3  2.261184  .7443749  .134751 
 121  27.08863  .3  2.257464  .740417  .1288329 
 121.5  27.22118  .3  2.253648  .7364778  .1228897 
 122  27.35446  .3  2.249739  .7325567  .1169202 
 122.5  27.48846  .3  2.245739  .7286532  .1109243 
 123  27.62322  .3  2.241648  .7247668  .1049021 
 123.5  27.75873  .3  2.237468  .7208968  9.885257E-02 
 124  27.89501  .3  2.233201  .7170429  9.277576E-02 
 124.5  28.03207  .3  2.228849  .7132044  8.667117E-02 
 125  28.16992  .3  2.224411  .7093809  .0805381 
 125.5  28.30858  .3  2.219891  .7055717  7.437676E-02 
 126  28.44805  .3  2.215288  .7017764  6.818635E-02 
 126.5  28.58835  .3  2.210606  .6979944  6.196636E-02 
 127  28.72949  .3  2.205844  .6942251  5.571658E-02 
 127.5  28.87149  .3  2.201004  .690468  4.943651E-02 
 128  29.01435  .3  2.196087  .6867225  4.312569E-02 
 128.5  29.1581  .3  2.191096  .6829881  3.678399E-02 
 129  29.30274  .3  2.18603  .6792642  3.041059E-02 
 129.5  29.44828  .3  2.180892  .6755501  .024005 
 130  29.59474  .3  2.175681  .6718455  1.756734E-02 
 130.5  29.74214  .3  2.170401  .6681497  1.109642E-02 
 131  29.89049  .3  2.165051  .6644622  4.59224E-03 
 131.5  30.03981  0  2.159632  .6607822  .0001 
 132  30.03979  0  2.154147  .6571402  .0001 
 132.5  30.03978  0  2.148596  .6536024  .0001 
 133  30.03976  0  2.142984  .6501669  .0001 
 133.5  30.03975  0  2.137315  .6468312  .0001 
 134  30.03973  0  2.131592  .6435932  .0001 
 134.5  30.03972  0  2.125818  .6404506  .0001 
 135  30.0397  0  2.119998  .6374015  .0001 
 135.5  30.03969  0  2.114134  .6344437  .0001 
 136  30.03967  0  2.10823  .6315751  .0001 
 136.5  30.03966  0  2.102288  .6287938  .0001 
 137  30.03964  0  2.096313  .6260978  .0001 
 137.5  30.03962  0  2.090307  .6234851  .0001 
 138  30.03961  0  2.084272  .6209538  .0001 
 138.5  30.03959  0  2.078212  .6185022  .0001 
 139  30.03958  0  2.072129  .6161282  .0001 
 139.5  30.03956  0  2.066026  .6138302  .0001 
 140  30.03955  0  2.059905  .6116064  .0001 
 140.5  30.03953  0  2.053768  .6094551  .0001 
 141  30.03952  0  2.047619  .6073747  .0001 
 141.5  30.0395  0  2.041459  .6053634  .0001 
 142  30.03949  0  2.03529  .6034196  .0001 
 142.5  30.03947  0  2.029116  .6015418  .0001 
 143  30.03946  0  2.022936  .5997284  .0001 
 143.5  30.03944  0  2.016754  .5979778  .0001 
 144  30.03943  0  2.010572  .5962887  .0001 
 144.5  30.03941  0  2.004391  .5946595  .0001 
 145  30.0394  0  1.998214  .5930889  .0001 
 145.5  30.03938  0  1.992041  .5915754  .0001 
 146  30.03937  0  1.985874  .5901177  .0001 
 146.5  30.03935  0  1.979716  .5887143  .0001 
 147  30.03933  0  1.973567  .5873641  .0001 
 147.5  30.03932  0  1.967429  .5860657  .0001 
 148  30.0393  0  1.961304  .584818  .0001 
 148.5  30.03929  0  1.955192  .5836196  .0001 
 149  30.03927  0  1.949095  .5824693  .0001 
 149.5  30.03926  0  1.943014  .5813661  .0001 
 150  30.03924  0  1.936951  .5803087  .0001 
 150.5  30.03923  0  1.930907  .579296  .0001 
 151  30.03921  0  1.924882  .578327  .0001 
 151.5  30.0392  0  1.918878  .5774005  .0001 
 152  30.03918  0  1.912896  .5765155  .0001 
 152.5  30.03917  0  1.906936  .575671  .0001 
 153  30.03915  0  1.901  .574866  .0001 
 153.5  30.03914  0  1.895089  .5740994  .0001 
 154  30.03912  0  1.889203  .5733704  .0001 
 154.5  30.03911  0  1.883343  .572678  .0001 
 155  30.03909  0  1.877511  .5720213  .0001 
 155.5  30.03908  0  1.871706  .5713993  .0001 
 156  30.03906  0  1.865929  .5708112  .0001 
 156.5  30.03904  0  1.860181  .5702562  .0001 
 157  30.03903  0  1.854464  .5697334  .0001 
 157.5  30.03901  0  1.848776  .569242  .0001 
 158  30.039  0  1.843119  .5687811  .0001 
 158.5  30.03898  0  1.837494  .56835  .0001 
 159  30.03897  0  1.831901  .567948  .0001 
 159.5  30.03895  0  1.82634  .5675743  .0001 
 160  30.03894  0  1.820811  .5672281  .0001 
 160.5  30.03892  0  1.815317  .5669087  .0001 
 161  30.03891  0  1.809855  .5666155  .0001 
 161.5  30.03889  0  1.804428  .5663478  .0001 
 162  30.03888  0  1.799035  .5661049  .0001 
 162.5  30.03886  0  1.793678  .565886  .0001 
 163  30.03885  0  1.788355  .5656907  .0001 
 163.5  30.03883  0  1.783067  .5655183  .0001 
 164  30.03882  0  1.777816  .5653681  .0001 
 164.5  30.0388  0  1.7726  .5652396  .0001 
 165  30.03879  0  1.76742  .5651321  .0001 
 165.5  30.03877  0  1.762277  .5650451  .0001 
 166  30.03875  0  1.75717  .5649781  .0001 
 166.5  30.03874  0  1.7521  .5649306  .0001 
 167  30.03872  0  1.747066  .5649019  .0001 
 167.5  30.03871  0  1.74207  .5648915  .0001 
 168  30.03869  0  1.737111  .564899  .0001 
 168.5  30.03868  0  1.732189  .5649238  .0001 
 169  30.03866  0  1.727305  .5649656  .0001 
 169.5  30.03865  0  1.722458  .5650237  .0001 
 170  30.03863  0  1.717649  .5650977  .0001 
 170.5  30.03862  0  1.712877  .5651872  .0001 
 171  30.0386  0  1.708143  .5652918  .0001 
 171.5  30.03859  0  1.703446  .5654109  .0001 
 172  30.03857  0  1.698788  .5655443  .0001 
 172.5  30.03856  0  1.694166  .5656914  .0001 
 173  30.03854  0  1.689583  .5658518  .0001 
 173.5  30.03853  0  1.685037  .5660252  .0001 
 174  30.03851  0  1.68053  .5662112  .0001 
 174.5  30.0385  0  1.676059  .5664094  .0001 
 175  30.03848  0  1.671627  .5666194  .0001 
 175.5  30.03846  0  1.667232  .5668409  .0001 
 176  30.03845  0  1.662874  .5670734  .0001 
 176.5  30.03843  0  1.658554  .5673168  .0001 
 177  30.03842  0  1.654271  .5675706  .0001 
 177.5  30.0384  0  1.650026  .5678345  .0001 
 178  30.03839  0  1.645818  .5681082  .0001 
 178.5  30.03837  0  1.641647  .5683914  .0001 
 179  30.03836  0  1.637513  .5686837  .0001 
 179.5  30.03834  0  1.633416  .5689849  .0001 
 180  30.03833  0  1.629355  .5692947  .0001 
 180.5  30.03831  0  1.625332  .5696127  .0001 
 181  30.0383  0  1.621345  .5699387  .0001 
 181.5  30.03828  0  1.617394  .5702725  .0001 
 182  30.03827  0  1.61348  .5706137  .0001 
 182.5  30.03825  0  1.609602  .5709621  .0001 
 183  30.03824  0  1.60576  .5713175  .0001 
 183.5  30.03822  0  1.601954  .5716795  .0001 
 184  30.03821  0  1.598184  .572048  .0001 
 184.5  30.03819  0  1.594449  .5724226  .0001 
 185  30.03817  0  1.590749  .5728033  .0001 
 185.5  30.03816  0  1.587085  .5731897  .0001 
 186  30.03814  0  1.583456  .5735817  .0001 
 186.5  30.03813  0  1.579862  .5739789  .0001 
 187  30.03811  0  1.576303  .5743813  .0001 
 187.5  30.0381  0  1.572778  .5747885  .0001 
 188  30.03808  0  1.569287  .5752004  .0001 
 188.5  30.03807  0  1.565831  .5756168  .0001 
 189  30.03805  0  1.562408  .5760375  .0001 
 189.5  30.03804  0  1.55902  .5764623  .0001 
 190  30.03802  0  1.555665  .576891  .0001 
 190.5  30.03801  0  1.552343  .5773234  .0001 
 191  30.03799  0  1.549055  .5777594  .0001 
 191.5  30.03798  0  1.5458  .5781988  .0001 
 192  30.03796  0  1.542577  .5786414  .0001 
 192.5  30.03795  0  1.539387  .5790871  .0001 
 193  30.03793  0  1.53623  .5795356  .0001 
 193.5  30.03792  0  1.533105  .5799869  .0001 
 194  30.0379  0  1.530011  .5804408  .0001 
 194.5  30.03789  0  1.52695  .5808971  .0001 
 195  30.03787  0  1.52392  .5813557  .0001 
 195.5  30.03785  0  1.520922  .5818164  .0001 
 196  30.03784  0  1.517955  .5822792  .0001 
 196.5  30.03782  0  1.515018  .5827438  .0001 
 197  30.03781  0  1.512113  .5832101  .0001 
 197.5  30.03779  0  1.509238  .5836781  .0001 
 198  30.03778  0  1.506393  .5841475  .0001 
 198.5  30.03776  0  1.503578  .5846184  .0001 
 199  30.03775  0  1.500794  .5850904  .0001 
 199.5  30.03773  0  1.498039  .5855635  .0001 
 200  30.03772  0  1.495313  .5860377  .0001 
 200.5  30.0377  0  1.492617  .5865127  .0001 
 201  30.03769  0  1.48995  .5869885  .0001 
 201.5  30.03767  0  1.487311  .5874651  .0001 
 202  30.03766  0  1.484701  .5879421  .0001 
 202.5  30.03764  0  1.48212  .5884197  .0001 
 203  30.03763  0  1.479567  .5888977  .0001 
 203.5  30.03761  0  1.477041  .5893759  .0001 
 204  30.0376  0  1.474543  .5898543  .0001 
 204.5  30.03758  0  1.472073  .5903328  .0001 
 205  30.03756  0  1.46963  .5908113  .0001 
 205.5  30.03755  0  1.467215  .5912897  .0001 
 206  30.03753  0  1.464826  .5917679  .0001 
 206.5  30.03752  0  1.462463  .5922459  .0001 
 207  30.0375  0  1.460128  .5927236  .0001 
 207.5  30.03749  0  1.457818  .5932008  .0001 
 208  30.03747  0  1.455535  .5936776  .0001 
 208.5  30.03746  0  1.453277  .5941538  .0001 
 209  30.03744  0  1.451044  .5946294  .0001 
 209.5  30.03743  0  1.448837  .5951042  .0001 
 210  30.03741  0  1.446656  .5955783  .0001 
 210.5  30.0374  0  1.444499  .5960516  .0001 
 211  30.03738  0  1.442367  .596524  .0001 
 211.5  30.03737  0  1.440259  .5969953  .0001 
 212  30.03735  0  1.438176  .5974657  .0001 
 212.5  30.03734  0  1.436117  .5979349  .0001 
 213  30.03732  0  1.434081  .5984031  .0001 
 213.5  30.03731  0  1.43207  .5988699  .0001 
 214  30.03729  0  1.430082  .5993356  .0001 
 214.5  30.03727  0  1.428117  .5997999  .0001 
 215  30.03726  0  1.426175  .6002628  .0001 
 215.5  30.03724  0  1.424256  .6007244  .0001 
 216  30.03723  0  1.42236  .6011845  .0001 
 216.5  30.03721  0  1.420486  .6016431  .0001 
 217  30.0372  0  1.418634  .6021002  .0001 
 217.5  30.03718  0  1.416805  .6025556  .0001 
 218  30.03717  0  1.414997  .6030094  .0001 
 218.5  30.03715  0  1.413211  .6034615  .0001 
 219  30.03714  0  1.411446  .6039118  .0001 
 219.5  30.03712  0  1.409703  .6043604  .0001 
 220  30.03711  0  1.407981  .6048072  .0001 
 220.5  30.03709  0  1.406279  .6052522  .0001 
 221  30.03708  0  1.404598  .6056953  .0001 
 221.5  30.03706  0  1.402938  .6061365  .0001 
 222  30.03705  0  1.401298  .6065757  .0001 
 222.5  30.03703  0  1.399678  .607013  .0001 
 223  30.03702  0  1.398078  .6074482  .0001 
 223.5  30.037  0  1.396497  .6078814  .0001 
 224  30.03698  0  1.394937  .6083125  .0001 
 224.5  30.03697  0  1.393395  .6087415  .0001 
 225  30.03695  0  1.391873  .6091685  .0001 
 225.5  30.03694  0  1.390369  .6095933  .0001 
 226  30.03692  0  1.388885  .6100159  .0001 
 226.5  30.03691  0  1.387419  .6104363  .0001 
 227  30.03689  0  1.385971  .6108545  .0001 
 227.5  30.03688  0  1.384541  .6112705  .0001 
 228  30.03686  0  1.38313  .6116842  .0001 
 228.5  30.03685  0  1.381737  .6120956  .0001 
 229  30.03683  0  1.380361  .6125047  .0001 
 229.5  30.03682  0  1.379003  .6129115  .0001 
 230  30.0368  0  1.377662  .613316  .0001 
 230.5  30.03679  0  1.376338  .6137181  .0001 
 231  30.03677  0  1.375031  .6141178  .0001 
 231.5  30.03676  0  1.373741  .6145151  .0001 
 232  30.03674  0  1.372468  .61491  .0001 
 232.5  30.03673  0  1.371212  .6153026  .0001 
 233  30.03671  0  1.369971  .6156927  .0001 
 233.5  30.03669  0  1.368747  .6160804  .0001 
 234  30.03668  0  1.367539  .6164656  .0001 
 234.5  30.03666  0  1.366346  .6168484  .0001 
 235  30.03665  0  1.365169  .6172287  .0001 
 235.5  30.03663  0  1.364008  .6176064  .0001 
 236  30.03662  0  1.362862  .6179818  .0001 
 236.5  30.0366  0  1.361731  .6183546  .0001 
 237  30.03659  0  1.360616  .6187249  .0001 
 237.5  30.03657  0  1.359515  .6190927  .0001 
 238  30.03656  0  1.358429  .6194579  .0001 
 238.5  30.03654  0  1.357357  .6198207  .0001 
 239  30.03653  0  1.3563  .6201809  .0001 
 239.5  30.03651  0  1.355257  .6205386  .0001 
 240  30.0365  0  1.354228  .6208937  .0001 
 240.5  30.03648  0  1.353213  .6212462  .0001 
 241  30.03647  0  1.352212  .6215963  .0001 
 241.5  30.03645  0  1.351225  .6219438  .0001 
 242  30.03644  0  1.350251  .6222887  .0001 
 242.5  30.03642  0  1.34929  .6226311  .0001 
 243  30.0364  0  1.348343  .6229709  .0001 
 243.5  30.03639  0  1.347408  .6233081  .0001 
 244  30.03637  0  1.346487  .6236429  .0001 
 244.5  30.03636  0  1.345578  .6239751  .0001 
 245  30.03634  0  1.344682  .6243047  .0001 
 245.5  30.03633  0  1.343799  .6246317  .0001 
 246  30.03631  0  1.342928  .6249562  .0001 
 246.5  30.0363  0  1.342069  .6252781  .0001 
 247  30.03628  0  1.341222  .6255975  .0001 
 247.5  30.03627  0  1.340387  .6259144  .0001 
 248  30.03625  0  1.339564  .6262287  .0001 
 248.5  30.03624  0  1.338753  .6265404  .0001 
 249  30.03622  0  1.337953  .6268496  .0001 
 249.5  30.03621  0  1.337165  .6271563  .0001 
 250  30.03619  0  1.336388  .6274604  .0001 
 250.5  30.03618  0  1.335622  .6277621  .0001 
 251  30.03616  0  1.334868  .6280612  .0001 
 251.5  30.03615  0  1.334124  .6283578  .0001 
 252  30.03613  0  1.333391  .6286519  .0001 
 252.5  30.03611  0  1.332668  .6289435  .0001 
 253  30.0361  0  1.331956  .6292326  .0001 
 253.5  30.03608  0  1.331255  .6295191  .0001 
 254  30.03607  0  1.330564  .6298033  .0001 
 254.5  30.03605  0  1.329883  .6300849  .0001 
 255  30.03604  0  1.329212  .6303641  .0001 
 255.5  30.03602  0  1.328551  .6306408  .0001 
 256  30.03601  0  1.3279  .630915  .0001 
 256.5  30.03599  0  1.327259  .6311868  .0001 
 257  30.03598  0  1.326627  .6314562  .0001 
 257.5  30.03596  0  1.326005  .6317231  .0001 
 258  30.03595  0  1.325392  .6319877  .0001 
 258.5  30.03593  0  1.324788  .6322497  .0001 
 259  30.03592  0  1.324194  .6325094  .0001 
 259.5  30.0359  0  1.323608  .6327667  .0001 
 260  30.03589  0  1.323032  .6330217  .0001 
 260.5  30.03587  0  1.322464  .6332742  .0001 
 261  30.03586  0  1.321905  .6335244  .0001 
 261.5  30.03584  0  1.321355  .6337723  .0001 
 262  30.03583  0  1.320813  .6340178  .0001 
 262.5  30.03581  0  1.32028  .634261  .0001 
 263  30.03579  0  1.319755  .6345018  .0001 
 263.5  30.03578  0  1.319238  .6347404  .0001 
 264  30.03576  0  1.318729  .6349766  .0001 
 264.5  30.03575  0  1.318228  .6352105  .0001 
 265  30.03573  0  1.317735  .6354422  .0001 
 265.5  30.03572  0  1.31725  .6356716  .0001 
 266  30.0357  0  1.316773  .6358988  .0001 
 266.5  30.03569  0  1.316303  .6361237  .0001 
 267  30.03567  0  1.315841  .6363464  .0001 
 267.5  30.03566  0  1.315386  .6365668  .0001 
 268  30.03564  0  1.314939  .636785  .0001 
 268.5  30.03563  0  1.314499  .6370011  .0001 
 269  30.03561  0  1.314066  .6372149  .0001 
 269.5  30.0356  0  1.31364  .6374266  .0001 
 270  30.03558  0  1.313221  .6376361  .0001 
 270.5  30.03557  0  1.312809  .6378435  .0001 
 271  30.03555  0  1.312404  .6380487  .0001 
 271.5  30.03554  0  1.312005  .6382518  .0001 
 272  30.03552  0  1.311613  .6384528  .0001 
 272.5  30.0355  0  1.311228  .6386517  .0001 
 273  30.03549  0  1.310849  .6388485  .0001 
 273.5  30.03547  0  1.310476  .6390433  .0001 
 274  30.03546  0  1.31011  .639236  .0001 
 274.5  30.03544  0  1.309749  .6394267  .0001 
 275  30.03543  0  1.309395  .6396153  .0001 
 275.5  30.03541  0  1.309047  .6398019  .0001 
 276  30.0354  0  1.308705  .6399865  .0001 
 276.5  30.03538  0  1.308369  .6401692  .0001 
 277  30.03537  0  1.308039  .6403498  .0001 
 277.5  30.03535  0  1.307714  .6405285  .0001 
 278  30.03534  0  1.307395  .6407053  .0001 
 278.5  30.03532  0  1.307082  .64088  .0001 
 279  30.03531  0  1.306774  .6410529  .0001 
 279.5  30.03529  0  1.306471  .6412238  .0001 
 280  30.03528  0  1.306174  .6413929  .0001 
 280.5  30.03526  0  1.305883  .64156  .0001 
 281  30.03525  0  1.305596  .6417253  .0001 
 281.5  30.03523  0  1.305314  .6418888  .0001 
 282  30.03521  0  1.305038  .6420504  .0001 
 282.5  30.0352  0  1.304766  .6422101  .0001 
 283  30.03518  0  1.3045  .642368  .0001 
 283.5  30.03517  0  1.304238  .6425242  .0001 
 284  30.03515  0  1.303981  .6426786  .0001 
 284.5  30.03514  0  1.303729  .6428312  .0001 
 285  30.03512  0  1.303482  .642982  .0001 
 285.5  30.03511  0  1.303239  .643131  .0001 
 286  30.03509  0  1.303001  .6432784  .0001 
 286.5  30.03508  0  1.302767  .643424  .0001 
 287  30.03506  0  1.302537  .6435679  .0001 
 287.5  30.03505  0  1.302312  .6437101  .0001 
 288  30.03503  0  1.302091  .6438506  .0001 
 288.5  30.03502  0  1.301875  .6439895  .0001 
 289  30.035  0  1.301662  .6441267  .0001 
 289.5  30.03499  0  1.301454  .6442623  .0001 
 290  30.03497  0  1.301249  .6443963  .0001 
 290.5  30.03496  0  1.301049  .6445286  .0001 
 291  30.03494  0  1.300853  .6446593  .0001 
 291.5  30.03492  0  1.30066  .6447885  .0001 
 292  30.03491  0  1.300471  .6449161  .0001 
 292.5  30.03489  0  1.300286  .6450421  .0001 
 293  30.03488  0  1.300105  .6451665  .0001 
 293.5  30.03486  0  1.299928  .6452895  .0001 
 294  30.03485  0  1.299753  .6454109  .0001 
 294.5  30.03483  0  1.299583  .6455308  .0001 
 295  30.03482  0  1.299416  .6456493  .0001 
 295.5  30.0348  0  1.299252  .6457662  .0001 
 296  30.03479  0  1.299092  .6458817  .0001 
 296.5  30.03477  0  1.298935  .6459958  .0001 
 297  30.03476  0  1.298782  .6461084  .0001 
 297.5  30.03474  0  1.298631  .6462195  .0001 
 298  30.03473  0  1.298484  .6463292  .0001 
 298.5  30.03471  0  1.29834  .6464376  .0001 
 299  30.0347  0  1.298199  .6465446  .0001 
 299.5  30.03468  0  1.298062  .6466502  .0001 
 300  30.03467  0  1.297927  .6467544  .0001 
 300.5  30.03465  0  1.297795  .6468573  .0001 
 301  30.03463  0  1.297666  .6469589  .0001 
 301.5  30.03462  0  1.29754  .647059  .0001 
 302  30.0346  0  1.297416  .6471579  .0001 
 302.5  30.03459  0  1.297296  .6472556  .0001 
 303  30.03457  0  1.297178  .6473519  .0001 
 303.5  30.03456  0  1.297063  .647447  .0001 
 304  30.03454  0  1.29695  .6475407  .0001 
 304.5  30.03453  0  1.29684  .6476332  .0001 
 305  30.03451  0  1.296733  .6477245  .0001 
 305.5  30.0345  0  1.296628  .6478146  .0001 
 306  30.03448  0  1.296525  .6479035  .0001 
 306.5  30.03447  0  1.296426  .6479911  .0001 
 307  30.03445  0  1.296328  .6480776  .0001 
 307.5  30.03444  0  1.296233  .6481629  .0001 
 308  30.03442  0  1.29614  .648247  .0001 
 308.5  30.03441  0  1.296049  .64833  .0001 
 309  30.03439  0  1.295961  .6484118  .0001 
 309.5  30.03438  0  1.295875  .6484925  .0001 
 310  30.03436  0  1.295791  .6485721  .0001 
 310.5  30.03434  0  1.295709  .6486506  .0001 
 311  30.03433  0  1.295629  .648728  .0001 
 311.5  30.03431  0  1.295552  .6488043  .0001 
 312  30.0343  0  1.295476  .6488795  .0001 
 312.5  30.03428  0  1.295403  .6489536  .0001 
 313  30.03427  0  1.295331  .6490268  .0001 
 313.5  30.03425  0  1.295261  .6490988  .0001 
 314  30.03424  0  1.295193  .6491699  .0001 
 314.5  30.03422  0  1.295127  .6492399  .0001 
 315  30.03421  0  1.295063  .6493089  .0001 
 315.5  30.03419  0  1.295001  .649377  .0001 
 316  30.03418  0  1.29494  .649444  .0001 
 316.5  30.03416  0  1.294882  .6495101  .0001 
 317  30.03415  0  1.294825  .6495751  .0001 
 317.5  30.03413  0  1.294769  .6496393  .0001 
 318  30.03412  0  1.294715  .6497025  .0001 
 318.5  30.0341  0  1.294663  .6497647  .0001 
 319  30.03409  0  1.294612  .6498261  .0001 
 319.5  30.03407  0  1.294563  .6498865  .0001 
 320  30.03406  0  1.294516  .6499461  .0001 
