 .5  .15  .3  .2985793484885721  .1114096829687884  1.403002088965348 
 1  .298947748433276  .3  .297305818662908  .1435743333592834 
 1.325173681268306 
 1.5  .446966959991785  .3  .2964240026707315  .174175175177628 
 1.321760609923251 
 2  .5940130433835136  .3  .2959121335995453  .2043481267651458 
 1.314563967416989 
 2.5  .7401087026684752  .3  .2957622828417528  .2340417955004974 
 1.307606231375365 
 3  .8852698489109531  .3  .2959661666213314  .2632654934088198 
 1.300680715143524 
 3.5  1.029512581810071  .3  .2965158606821162  .2920250704142105 
 1.293801158719772 
 4  1.172852658953758  .3  .2974037484974916  .3203262817164285 
 1.286969279770876 
 4.5  1.315305532244903  .3  .2986225099709864  .3481746257432516 
 1.280187127765301 
 5  1.456886346187611  .3  .3001651084747237  .3755753683160256 
 1.27345644518232 
 5.5  1.597609939650357  .3  .3020247784751744  .4025335559430924 
 1.266778725264455 
 6  1.737490848236257  .3  .3041950136292057  .4290540289101497 
 1.260155229281287 
 6.5  1.87654330734509  .3  .3066695553536482  .4551414336391572 
 1.253587003936541 
 7  2.014781255833031  .3  .3094423818593588  .4808002343940267 
 1.247074896976159 
 7.5  2.152218340197793  .3  .3125076976370367  .5060347243731385 
 1.240619571369038 
 8  2.28886791922425  .3  .3158599233789334  .5308490362267996 
 1.234221518262573 
 8.5  2.424743069032412  .3  .3194936863183157  .5552471520342427 
 1.22788106889102 
 9  2.559856588475464  .3  .3234038109669484  .5792329127717537 
 1.221598405587114 
 9.5  2.694221004840398  .3  .3275853102298264  .6028100273008358 
 1.215373572024022 
 10  2.827848579808023  .3  .3320333768758193  .6259820809029411 
 1.209206482794613 
 10.5  2.960751315632696  .3  .3367433753427091  .6487525433851988 
 1.203096932417691 
 11  3.092940961505249  .3  .3417108338552281  .671124776779706 
 1.197044603845863 
 11.5  3.22442902006533  .3  .3469314368350998  .6931020426572983 
 1.191049076536842 
 12  3.355226754031793  .3  .352401017582681  .7146875090752608 
 1.185109834138894 
 12.5  3.485345192921948  .3  .358115551210571  .7358842571771482 
 1.179226271831638 
 13  3.61479513983247  .3  .3640711478104556  .7566952874617424 
 1.173397703355255 
 13.5  3.743587178256574  .3  .3702640458354514  .7771235257371624 
 1.167623367754279 
 14  3.871731678913786  .3  .3766906056812955  .7971718287752418 
 1.161902435856326 
 14.5  3.999238806570226  .3  .3833473034508507  .8168429896804882 
 1.156234016501201 
 15  4.126118526828885  .3  .3902307248875614  .8361397429872218 
 1.150617162531864 
 15.5  4.252380612870835  .3  .3973375594646681  .8550647694978446 
 1.145050876555387 
 16  4.378034652129761  .3  .404664594618167  .8736207008746086 
 1.139534116479473 
 16.5  4.503090052883605  .3  .4122087101126667  .8918101239967192 
 1.134065800828025 
 17  4.627556050748484  .3  .4199668725304343  .9096355850941166 
 1.128644813837747 
 17.5  4.75144171506138  .3  .4279361298750345  .9270995936688279 
 1.123270010336637 
 18  4.874755955139425  .3  .4361136062820362  .9442046262143498 
 1.117940220404533 
 18.5  4.997507526404891  .3  .444496496830287  .9609531297431193 
 1.112654253815461 
 19  5.119705036366245  .3  .4530820624482292  .9773475251317427 
 1.107410904261401 
 19.5  5.241356950446875  .3  .4618676249106571  .9933902102932747 
 1.102208953357211 
 20  5.362471597654257  .3  .4708505619221761  1.009083563185478 
 1.097047174426662 
 20.5  5.483057176083508  .3  .4800283022844356  1.024429944663632 
 1.09192433607002 
 21  5.603121758250363  .3  .489398321144955  1.03943170118611 
 1.086839205514076 
 21.5  5.722673296249686  .3  .4989581353260533  1.054091167380582 
 1.081790551746144 
 22  5.841719626736622  .3  .5087052987330263  1.068410668478371 
 1.076777148434185 
 22.5  5.960268475728475  .3  .5186373978412893  1.082392522624119 
 1.071797776635886 
 23  6.078327463226281  .3  .5287520472627282  1.09603904306758 
 1.06685122730018 
 23.5  6.195904107655904  .3  .5390468853919645  1.109352540244034 
 1.061936303565362 
 24  6.313005830129256  .3  .5495195701336616  1.122335323749411 
 1.057051822858586 
 24.5  6.429639958526981  .3  .5601677747123665  1.134989704215935 
 1.052196618802096 
 25  6.545813731404597  .3  .5709891835667039  1.147317995093712 
 1.047369542932123 
 25.5  6.661534301724696  .3  .5819814883300222  1.159322514343341 
 1.042569466236823 
 26  6.776808740418359  .3  .5931423838998307  1.171005586044331 
 1.037795280520089 
 26.5  6.891644039779392  .3  .6044695645985692  1.18236954192371 
 1.033045899598419 
 27  7.006047116695462  .3  .615960720428425  1.193416722808934 
 1.028320260338318 
 27.5  7.120024815720548  .3  .6276135334230435  1.204149480008862 
 1.023617323541954 
 28  7.233583911993447  .3  .6394256740990932  1.214570176626218 
 1.018936074688958 
 28.5  7.346731114007348  .3  .6513947980107227  1.224681188804711 
 1.01427552454236 
 29  7.459473066235691  .3  .6635185424100067  1.234484906913614 
 1.009634709626725 
 29.5  7.571816351619705  .3  .6757945230165124  1.243983736672363 
 1.005012692586529 
 30  7.683767493923144  .3  .6882203308991321  1.253180100217433 
 1.000408562432777 
 30.5  7.795332959959828  .3  .7007935294733207  1.26207643711347 
 .9958214346857752 
 31  7.906519161699625  .3  .7135116516168589  1.27067520531042 
 .9912504514218093 
 31.5  8.017332458258575  .3  .7263721969072225  1.278978882048124 
 .9866947812313272 
 32  8.127779157778774  .3  .7393726289835858  1.286989964709639 
 .9821536190960072 
 32.5  8.237865519203647  .3  .7525103730364215  1.294710971624291 
 .9776261861918609 
 33  8.347597753954144  .3  .7657828134275829  1.302144442821305 
 .9731117296252615 
 33.5  8.456982027511313  .3  .7791872914436585  1.309292940734599 
 .9686095221085143 
 34  8.566024460910573  .3  .7927211031852924  1.316159050859216 
 .9641188615812954 
 34.5  8.674731132152919  .3  .806381497595048  1.322745382359656 
 .9596390707839769 
 35  8.783108077538119  .3  .820165674626269  1.32905456863023 
 .9551694967885578 
 35.5  8.891161292924811  .3  .8340707835552609  1.33508926780744 
 .9507095104925933 
 36  8.998896734922275  .3  .8480939214389693  1.340852163234238 
 .9462585060812087 
 36.5  9.106320322018442  .3  .8622321317201832  1.346345963875924 
 .941815900461963 
 37  9.213437935648558  .3  .8764824029821236  1.351573404687358 
 .9373811326770184 
 37.5  9.320255421208719  .3  .8908416678541119  1.356537246931067 
 .9329536632967615 
 38  9.426778589018328  .3  .9053068020698279  1.361240278445762 
 .9285329737987245 
 38.5  9.533013215235312  .3  .9198746236794792  1.365685313864747 
 .9241185659353603 
 39  9.638965042727781  .3  .9345418924170053  1.369875194783645 
 .9197099610939426 
 39.5  9.744639781905616  .3  .9493053092232308  1.373812789876847 
 .9153066996515891 
 40  9.850043111515268  .3  .9641615159256685  1.377500994962086 
 .9109083403281447 
 40.5  9.955180679400913  .3  .9791070950754455  1.380942733012533 
 .9065144595394113 
 41  10.06005810323489  .3  .9941385699415975  1.384140954115817 
 .9021246507529707 
 41.5  10.16468097122021  .3  1.009252404662729  1.387098635379409 
 .8977385238486257 
 42  10.26905484276774  .3  1.0244450045558  1.389818780781845 
 .8933557044852645 
 42.5  10.37318524915044  .3  1.039712716581526  1.392304420969294 
 .8889758334757596 
 43  10.47707769413713  .3  1.055051829965648  1.394558612997049 
 .8845985661713186 
 43.5  10.58073765460764  .3  1.070458576975016  1.396584440015584 
 .8802235718565294 
 44  10.68417058115156  .3  1.085929133847207  1.398385010900886 
 .8758505331561792 
 44.5  10.78738189865239  .3  1.101459621872079  1.399963459828859 
 .8714791454547707 
 45  10.89037700685874  .3  1.117046108623396  1.401322945793694 
 .8671091163295207 
 45.5  10.99316128094417  .3  1.132684609338384  1.402466652070186 
 .8627401649974915 
 46  11.09574007205734  .3  1.148371088442769  1.403397785620104 
 .858372021777389 
 46.5  11.1981187078635  .3  1.164101461218563  1.404119576442795 
 .854004427566447 
 47  11.30030249307885  .3  1.179871595611597  1.404635276870364 
 .8496371333327193 
 47.5  11.40229670999879  .3  1.195677314175461  1.404948160807858 
 .8452698996230065 
 48  11.50410661902113  .3  1.211514396148275  1.405061522919025 
 .8409024960865618 
 48.5  11.60573745916522  .3  1.227378579658389  1.404978677758328 
 .8365347010146452 
 49  11.70719444858794  .3  1.243265564054846  1.404702958850058 
 .8321663008959249 
 49.5  11.80848278509718  .3  1.259171012358152  1.404237717715476 
 .8277970899876668 
 50  11.90960764666382  .3  1.275090553826637  1.403586322849089 
 .8234268699025948 
 50.5  12.01057419193252  .3  1.291019786633408  1.402752158645268 
 .8190554492112588 
 51  12.11138756073223  .3  1.306954280648655  1.401738624276561 
 .814682643059704 
 51.5  12.21205287458674  .3  1.322889580321798  1.400549132525196 
 .8103082728021964 
 52  12.31257523722586  .3  1.338821207657757  1.399187108569365 
 .8059321656487278 
 52.5  12.41295973509761  .3  1.354744665281368  1.397655988726048 
 .8015541543269957 
 53  12.5132114378818  .3  1.370655439583768  1.395959219152234 
 .7971740767585276 
 53.5  12.61333539900541  .3  1.386549003944379  1.394100254506515 
 .7927917757486017 
 54  12.71333665615996  .3  1.402420822021916  1.392082556573169 
 .7884070986895976 
 54.5  12.81322023182123  .3  1.418266351107694  1.389909592850922 
 .7840198972773955 
 55  12.9129911337715  .3  1.434081045534326  1.387584835108721 
 .7796300272404359 
 55.5  13.01265435562461  .3  1.449860360132818  1.385111757910924 
 .7752373480810385 
 56  13.11221487735386  .3  1.465599753730886  1.382493837114419 
 .7708417228285775 
 56.5  13.21167766582307  .3  1.481294692685269  1.379734548340259 
 .7664430178041038 
 57  13.31104767532083  .3  1.496940654440718  1.376837365422484 
 .7620411023960049 
 57.5  13.4103298480981  .3  1.512533131108269  1.373805758836883 
 .7576358488462919 
 58  13.50952911490923  .3  1.528067633055394  1.37064319411248 
 .7532271320471047 
 58.5  13.60865039555658  .3  1.543539692500582  1.367353130228619 
 .7488148293470298 
 59  13.70769859943862  .3  1.558944867104919  1.363939018000533 
 .7443988203668288 
 59.5  13.80667862610179  .3  1.574278743553263  1.360404298456348 
 .7399789868241799 
 60  13.90559536579604  .3  1.589536941117651  1.356752401208479 
 .735555212367043 
 60.5  14.00445370003415  .3  1.60471511519563  1.352986742822398 
 .7311273824152627 
 61  14.10325850215484  .3  1.619808960816334  1.349110725185766 
 .7266953840100323 
 61.5  14.20201463788976  .3  1.634814216107183  1.345127733880921 
 .7222591056708521 
 62  14.30072696593433  .3  1.649726665714255  1.341041136563683 
 .7178184372596187 
 62.5  14.39940033852251  .3  1.664542144169517  1.336854281351461 
 .7133732698514966 
 63  14.49803960200555  .3  1.679256539198266  1.332570495223553 
 .7089234956122286 
 63.5  14.59664959743466  .3  1.693865794960331  1.328193082436565 
 .7044690076815531 
 64  14.69523516114776  .3  1.708365915218779  1.323725322957764 
 .7000097000624043 
 64.5  14.79380112536025  .3  1.722752966430124  1.319170470919164 
 .695545467515585 
 65  14.89235231875989  .3  1.737023080750234  1.314531753095068 
 .6910762054596064 
 65.5  14.99089356710581  .3  1.751172458950435  1.309812367405706 
 .6866018098754029 
 66  15.08942969383169  .3  1.765197373238549  1.305015481449547 
 .6821221772156411 
 66.5  15.1879655206532  .3  1.779094169979896  1.300144231066776 
 .6776372043183474 
 67  15.2865058681797  .3  1.792859272313602  1.295201718936297 
 .6731467883245939 
 67.5  15.38505555653035  .3  1.806489182659843  1.290191013208587 
 .6686508265999891 
 68  15.48361940595455  .3  1.819980485113987  1.285115146176548 
 .6641492166597317 
 68.5  15.58220223745694  .3  1.833329847723901  1.27997711298646 
 .6596418560969933 
 69  15.68080887342696  .3  1.846534024647063  1.274779870390957 
 .6551286425144076 
 69.5  15.77944413827308  .3  1.859589858184413  1.269526335545882 
 .6506094734584536 
 70  15.87811285906174  .3  1.872494280688244  1.264219384852711 
 .646084246356526 
 70.5  15.97681986616118  .3  1.885244316341788  1.258861852848135 
 .6415528584565005 
 71  16.07556999389028  .3  1.897837082808477  1.253456531142242 
 .6370152067686063 
 71.5  16.17436808117238  .3  1.910269792749222  1.248006167406606 
 .6324711880094283 
 72  16.27321897219437  .3  1.922539755206404  1.242513464413472 
 .6279206985478728 
 72.5  16.37212751707116  .3  1.934644376853609  1.236981079127063 
 .6233636343529336 
 73  16.4710985725155  .3  1.946581163110478  1.231411621847929 
 .6187998909431089 
 73.5  16.57013700251357  .3  1.958347719122391  1.225807655411081 
 .6142293633373242 
 74  16.66924767900624  .3  1.969941750605033  1.220171694438561 
 .6096519460072244 
 74.5  16.76843548257633  .3  1.981361064554205  1.21450620464693 
 .6050675328307089 
 75  16.86770530314196  .3  1.992603569821569  1.208813602210021 
 .6004760170465862 
 75.5  16.96706204065623  .3  2.003667277557332  1.203096253177207 
 .5958772912102353 
 76  17.06651060581332  .3  2.01455030152115  1.197356472947251 
 .5912712471501665 
 76.5  17.16605592076132  .3  2.025250858262838  1.191596525797719 
 .5866577759253812 
 77  17.26570291982189  .3  2.035767267174746  1.1858186244698 
 .5820367677834375 
 77.5  17.36545655021708  .3  2.04609795041792  1.180024929808236 
 .5774081121191324 
 78  17.46532177280334  .3  2.056241432724418  1.174217550455985 
 .5727716974337202 
 78.5  17.56530356281317  .3  2.066196341078391  1.168398542603093 
 .5681274112945917 
 79  17.66540691060445  .3  2.07596140427877  1.162569909789156 
 .5634751402953412 
 79.5  17.76563682241781  .3  2.08553545238659  1.156733602758656 
 .5588147700161598 
 80  17.86599832114226  .3  2.094917416060191  1.15089151936834 
 .5541461849844931 
 80.5  17.96649644708926  .3  2.104106325781726  1.145045504545733 
 .5494692686359072 
 81  18.0671362587756  .3  2.113101310978538  1.139197350297766 
 .5447839032751159 
 81.5  18.1679228337153  .3  2.121901599043158  1.13334879576845 
 .5400899700371198 
 82  18.26886126922081  .3  2.130506514255767  1.127501527344409 
 .5353873488484177 
 82.5  18.36995668321378  .3  2.138915476613135  1.121657178807046 
 .5306759183882512 
 83  18.47121421504569  .3  2.147128000568099  1.115817331530038 
 .5259555560498495 
 83.5  18.57263902632874  .3  2.155143693683777  1.109983514720777 
 .5212261379016437 
 84  18.67423630177707  .3  2.162962255206762  1.104157205704367 
 .5164875386484227 
 84.5  18.77601125005885  .3  2.170583474563606  1.098339830248672 
 .5117396315924081 
 85  18.87796910465945  .3  2.178007229784964  1.092532762928932 
 .506982288594226 
 85.5  18.98011512475599  .3  2.185233485861765  1.086737327530378 
 .5022153800337579 
 86  19.08245459610367  .3  2.192262293037845  1.080954797487267 
 .497438774770855 
 86.5  19.18499283193414  .3  2.199093785043429  1.07518639635673 
 .4926523401059018 
 87  19.28773517386631  .3  2.205728177273886  1.069433298325799 
 .4878559417402186 
 87.5  19.39068699282989  .3  2.212165764918134  1.063696628749958 
 .4830494437362933 
 88  19.49385369000214  .3  2.218406921041051  1.057977464721573 
 .4782327084778341 
 88.5  19.59724069775794  .3  2.224452094624215  1.052276835666519 
 .4734055966296381 
 89  19.70085348063385  .3  2.230301808569223  1.046595723967344 
 .4685679670972707 
 89.5  19.80469753630634  .3  2.235956657667798  1.040935065611298 
 .4637196769865531 
 90  19.90877839658458  .3  2.241417306542812  1.035295750861578 
 .4588605815628543 
 90.5  20.01310162841827  .3  2.246684487564283  1.029678624950122 
 .4539905342101872 
 91  20.11767283492083  .3  2.251758998744297  1.02408448879034 
 .4491093863901084 
 91.5  20.22249765640838  .3  2.25664170161474  1.018514099708147 
 .4442169876004206 
 92  20.32758177145495  .3  2.261333519091604  1.012968172189709 
 .4393131853336798 
 92.5  20.43293089796421  .3  2.26583543332953  1.007447378644343 
 .4343978250355056 
 93  20.53855079425833  .3  2.270148483570144  1.001952350181006 
 .4294707500626984 
 93.5  20.64444726018427  .3  2.274273763987621  .9964836773968867 
 .424531801641162 
 94  20.75062613823801  .3  2.278212421534787  .991041911176598 
 .4195808188236347 
 94.5  20.85709331470709  .3  2.281965653792958  .9856275635005447 
 .4146176384472282 
 95  20.963854720832  .3  2.285534706828579  .9802411082610455 
 .4096420950907761 
 95.5  21.0709163339869  .3  2.288920873059586  .9748829820848492 
 .4046540210319907 
 96  21.17828417888002  .3  2.292125489134313  .9695535851607152 
 .39965324620443 
 96.5  21.28596432877437  .3  2.295149933825598  .9642532820707729 
 .394639598154272 
 97  21.3939629067292  .3  2.297995625942637  .9589824026244177 
 .3896129019968962 
 97.5  21.50228608686268  .3  2.300664022262974  .9537412426935459 
 .3845729803732698 
 98  21.61094009563636  .3  2.303156615486919  .9485300650479749 
 .3795196534061353 
 98.5  21.71993121316198  .3  2.305474932216497  .943349100189942 
 .374452738655997 
 99  21.82926577453104  .3  2.307620530960961  .93819854718662  .3693720510769 
 99.5  21.93895017116783  .3  2.30959500017072  .9330785744996349 
 .3642774029719976 
 100  22.0489908522064  .3  2.311399956301427  .927989320810618 
 .3591686039489004 
 100.5  22.15939432589206  .3  2.313037041909842  .9229308958418705 
 .3540454608747985 
 101  22.27016716100797  .3  2.31450792378295  .9179033811712658 
 .3489077778313495 
 101.5  22.38131598832757  .3  2.315814291101703  .9129068310405606 
 .3437553560693214 
 102  22.49284750209324  .3  2.316957853640614  .9079412731563327 
 .3385879939629809 
 102.5  22.60476846152199  .3  2.317940340004346  .9030067094828071 
 .3334054869642133 
 103  22.71708569233886  .3  2.318763495902273  .8981031170258779 
 .3282076275563631 
 103.5  22.82980608833847  .3  2.319429082461943  .8932304486076793 
 .3229942052077791 
 104  22.94293661297572  .3  2.319938874582194  .8883886336310972 
 .3177650063250498 
 104.5  23.05648430098603  .3  2.320294659326635  .8835775788336621 
 .3125198142059112 
 105  23.1704562600361  .3  2.320498234358044  .8787971690303003 
 .307258408991812 
 105.5  23.28485967240574  .3  2.320551406414187  .8740472678444631 
 .3019805676201125 
 106  23.3997017967016  .3  2.320455989825432  .8693277184271936 
 .2966860637759024 
 106.5  23.51498996960363  .3  2.320213805074458  .864638344163728 
 .2913746678434129 
 107  23.63073160764496  .3  2.319826677398271  .8599789493672659 
 .286046146857001 
 107.5  23.74693420902607  .3  2.319296435432653  .855349319959581 
 .2807002644516842 
 108  23.86360535546411  .3  2.318624909899102  .8507492241381778 
 .2753367808131989 
 108.5  23.98075271407826  .3  2.317813932334221  .8461784130297332 
 .2699554526275587 
 109  24.09838403931187  .3  2.316865333861479  .8416366213295946 
 .2645560330300842 
 109.5  24.21650717489249  .3  2.315780944005169  .8371235679271381 
 .2591382715538778 
 110  24.33513005583062  .3  2.314562589546344  .83263895651682 
 .2537019140777141 
 110.5  24.45426071045815  .3  2.313212093420439  .8281824761947806 
 .2482467027733151 
 111  24.5739072625075  .3  2.311731273656245  .8237538020408924 
 .2427723760519825 
 111.5  24.6940779332325  .3  2.310121942355839  .8193525956861638 
 .2372786685105507 
 112  24.81478104357203  .3  2.308385904715033  .8149785058654415 
 .2317653108766327 
 112.5  24.93602501635754  .3  2.306524958083847  .8106311689553709 
 .226232029953121 
 113  25.05781837856548  .3  2.304540891066485  .8063102094976034 
 .2206785485619124 
 113.5  25.18016976361593  .3  2.302435482660253  .8020152407072536 
 .2151045854868195 
 114  25.30308791371848  .3  2.300210501432802  .7977458649666358 
 .2095098554156327 
 114.5  25.42658168226662  .3  2.297867704737085  .7935016743043217 
 .203894068881297 
 115  25.55066003628192  .3  2.295408837963343  .789282250859584 
 .1982569322021645 
 115.5  25.67533205890925  .3  2.292835633827456  .7850871673323042 
 .1925981474212847 
 116  25.80060695196439  .3  2.290149811694921  .7809159874184375 
 .1869174122446932 
 116.5  25.92649403853537  .3  2.287353076939756  .7767682662311449 
 .1812144199786589 
 117  26.053002765639  .3  2.284447120337553  .7726435507077128 
 .1754888594658478 
 117.5  26.18014270693399  .3  2.28143361749193  .768541380002394 
 .1697404150203649 
 118  26.30792356549215  .3  2.2783142282936  .7644612858653159 
 .1639687663616275 
 118.5  26.4363551766293  .3  2.275090596411268  .7604027930076091 
 .1581735885470314 
 119  26.56544751079735  .3  2.271764348813556  .7563654194529231 
 .1523545519033638 
 119.5  26.69521067653925  .3  2.268337095321154  .7523486768755001 
 .1465113219569201 
 120  26.82565492350856  .3  2.264810428188381  .7483520709249885 
 .1406435593622788 
 120.5  26.95679064555522  .3  2.26118592171335  .7443751015381829 
 .1347509198296891 
 121  27.0886283838795  .3  2.25746513187592  .7404172632378839 
 .1288330540510269 
 121.5  27.22117883025576  .3  2.25364959600262  .7364780454190767 
 .1228896076242688 
 122  27.35445283032816  .3  2.249740832457728  .7325569326226303 
 .1169202209764406 
 122.5  27.4884613869801  .3  2.245740340359705  .7286534047967263 
 .1109245292849891 
 123  27.6232156637795  .3  2.241649599322172  .7247669375462254 
 .1049021623975311 
 123.5  27.75872698850198  .3  2.237470069218627  .7208970023701856 
 9.885274474992728D-02 
 124  27.8950068567341  .3  2.233203189970124  .7170430668877466 
 9.277589528263389D-02 
 124.5  28.03206693555885  .3  2.228850381355109  .7132045950525963 
 8.667122735527907D-02 
 125  28.1699190673258  .3  2.224413042840652  .709381047356237 
 8.053834865941426D-02 
 125.5  28.30857527350804  .3  2.219892553434302  .7055718810202689 
 7.437686112938644D-02 
 126  28.4480477586486  .3  2.215290271555806  .7017765501779083 
 6.818636085128116D-02 
 126.5  28.58834891439867  .3  2.21060753492796  .6979945060449569 
 .0619664379698798 
 127  28.72949132365034  .3  2.205845660485837  .6942251970804404 
 5.571667659357854D-02 
 127.5  28.87148776476646  .3  2.201005944303692  .6904680691371292 
 4.943665469721365D-02 
 128  29.01435121591035  .3  2.196089661538826  .6867225656021555 
 4.312594402273665D-02 
 128.5  29.15809485947838  .3  2.191098066391717  .6829881275279382 
 3.678410997768294D-02 
 129  29.30273208663813  .3  2.186032392081735  .6792641937536244 
 3.041071153137584D-02 
 129.5  29.44827650197529  .3  2.180893850837775  .6755502010172537 
 2.400530110880897D-02 
 130  29.59474192825246  .3  2.175683633903165  .6718455840588492 
 1.756742448214513D-02 
 130.5  29.74214241128299  .3  2.170402911554199  .6681497757146357 
 1.109662065977382D-02 
 131  29.89049222492326  .3  2.16505283313168  .6644622070025819 
 4.592421772864758D-03 
 131.5  30.03980587618678  0  2.159634527084864  .6607823071994595  .0001 
 132  30.03979085628384  0  2.15414910102722  .6571401886152206  .0001 
 132.5  30.03977583638842  0  2.14859852831297  .6536024799815622  .0001 
 133  30.0397608165005  0  2.142986685777935  .6501668983839444  .0001 
 133.5  30.03974579662009  0  2.137317339542837  .646831200424721  .0001 
 134  30.03973077674719  0  2.131594146906165  .6435931820882539  .0001 
 134.5  30.0397157568818  0  2.125820658270699  .6404506785678632  .0001 
 135  30.03970073702392  0  2.120000319098026  .6374015640573236  .0001 
 135.5  30.03968571717356  0  2.114136471885726  .6344437515095021  .0001 
 136  30.0396706973307  0  2.108232358162241  .6315751923646141  .0001 
 136.5  30.03965567749535  0  2.102291120494799  .6287938762504587  .0001 
 137  30.03964065766751  0  2.096315804506041  .6260978306568859  .0001 
 137.5  30.03962563784718  0  2.09030936089534  .6234851205866386  .0001 
 138  30.03961061803436  0  2.084274647461066  .6209538481846069  .0001 
 138.5  30.03959559822905  0  2.078214431120331  .618502152347432  .0001 
 139  30.03958057843125  0  2.072131389923025  .6161282083152948  .0001 
 139.5  30.03956555864096  0  2.066028115057177  .6138302272476334  .0001 
 140  30.03955053885818  0  2.059907112842947  .6116064557844369  .0001 
 140.5  30.03953551908292  0  2.053770806712753  .6094551755946766  .0001 
 141  30.03952049931516  0  2.047621539175265  .607374702913349  .0001 
 141.5  30.03950547955491  0  2.041461573761197  .6053633880685204  .0001 
 142  30.03949045980217  0  2.035293096949019  .6034196149996882  .0001 
 142.5  30.03947544005694  0  2.029118220068896  .6015418007686901  .0001 
 143  30.03946042031922  0  2.022938981183318  .5997283950643272  .0001 
 143.5  30.03944540058901  0  2.016757346943073  .5979778797017895  .0001 
 144  30.03943038086631  0  2.010575214417323  .5962887681179092  .0001 
 144.5  30.03941536115112  0  2.004394412896738  .5946596048632018  .0001 
 145  30.03940034144343  0  1.998216705668723  .5930889650915909  .0001 
 145.5  30.03938532174326  0  1.992043791763929  .5915754540486576  .0001 
 146  30.0393703020506  0  1.985877307673358  .5901177065591957  .0001 
 146.5  30.03935528236545  0  1.97971882903545  .5887143865148015  .0001 
 147  30.03934026268781  0  1.973569872292678  .5873641863621767  .0001 
 147.5  30.03932524301768  0  1.967431896317238  .5860658265927725  .0001 
 148  30.03931022335506  0  1.961306304005539  .5848180552343578  .0001 
 148.5  30.03929520369995  0  1.955194443841251  .5836196473450511  .0001 
 149  30.03928018405234  0  1.94909761142676  .5824694045103108  .0001 
 149.5  30.03926516441225  0  1.943017050982947  .5813661543433439  .0001 
 150  30.03925014477967  0  1.936953956817263  .5803087499893508  .0001 
 150.5  30.0392351251546  0  1.930909474760148  .5792960696339913  .0001 
 151  30.03922010553704  0  1.924884703569867  .5783270160164222  .0001 
 151.5  30.03920508592698  0  1.918880696305917  .5774005159472247  .0001 
 152  30.03919006632444  0  1.91289846167119  .5765155198315121  .0001 
 152.5  30.03917504672941  0  1.906938965323104  .5756710011974751  .0001 
 153  30.03916002714188  0  1.901003131153977  .5748659562306023  .0001 
 153.5  30.03914500756187  0  1.895091842540944  .5740994033137807  .0001 
 154  30.03912998798937  0  1.889205943565725  .5733703825734641  .0001 
 154.5  30.03911496842437  0  1.883346240204622  .5726779554320704  .0001 
 155  30.03909994886689  0  1.877513501489099  .5720212041667507  .0001 
 155.5  30.03908492931691  0  1.87170846063737  .5713992314746514  .0001 
 156  30.03906990977445  0  1.865931816157395  .5708111600447744  .0001 
 156.5  30.03905489023949  0  1.860184232921719  .570256132136522  .0001 
 157  30.03903987071205  0  1.854466343214624  .5697333091649964  .0001 
 157.5  30.03902485119211  0  1.848778747752033  .5692418712931117  .0001 
 158  30.03900983167969  0  1.843122016674647  .5687810170305575  .0001 
 158.5  30.03899481217477  0  1.837496690514807  .5683499628396467  .0001 
 159  30.03897979267736  0  1.831903281137548  .5679479427480605  .0001 
 159.5  30.03896477318747  0  1.826342272656363  .5675742079685002  .0001 
 160  30.03894975370508  0  1.820814122324153  .5672280265252381  .0001 
 160.5  30.03893473423021  0  1.815319261399878  .5669086828875551  .0001 
 161  30.03891971476284  0  1.809858095991409  .5666154776100423  .0001 
 161.5  30.03890469530298  0  1.804431007875082  .5663477269797332  .0001 
 162  30.03888967585063  0  1.799038355292454  .5661047626700304  .0001 
 162.5  30.03887465640579  0  1.793680473724772  .5658859314013807  .0001 
 163  30.03885963696847  0  1.788357676645643  .5656905946086449  .0001 
 163.5  30.03884461753865  0  1.783070256252409  .5655181281151081  .0001 
 164  30.03882959811634  0  1.777818484176719  .5653679218130645  .0001 
 164.5  30.03881457870154  0  1.772602612174782  .5652393793509119  .0001 
 165  30.03879955929425  0  1.76742287279779  .5651319178266826  .0001 
 165.5  30.03878453989447  0  1.762279480042988  .5650449674879359  .0001 
 166  30.0387695205022  0  1.757172629985859  .5649779714379333  .0001 
 166.5  30.03875450111744  0  1.752102501393903  .5649303853480136  .0001 
 167  30.03873948174019  0  1.747069256322457  .5649016771760854  .0001 
 167.5  30.03872446237045  0  1.742073040693014  .5648913268911468  .0001 
 168  30.03870944300822  0  1.737113984854492  .564898826203747  .0001 
 168.5  30.0386944236535  0  1.732192204127889  .5649236783022955  .0001 
 169  30.03867940430628  0  1.72730779933475  .5649653975951296  .0001 
 169.5  30.03866438496658  0  1.722460857309886  .5650235094582448  .0001 
 170  30.03864936563439  0  1.717651451398737  .5650975499885948  .0001 
 170.5  30.03863434630971  0  1.712879641939817  .5651870657628658  .0001 
 171  30.03861932699253  0  1.708145476732616  .5652916136016281  .0001 
 171.5  30.03860430768287  0  1.703448991491363  .5654107603387714  .0001 
 172  30.03858928838072  0  1.698790210285039  .5655440825961248  .0001 
 172.5  30.03857426908607  0  1.694169145964004  .565691166563167  .0001 
 173  30.03855924979894  0  1.689585800573619  .5658516077817299  .0001 
 173.5  30.03854423051931  0  1.685040165755213  .5660250109355995  .0001 
 174  30.0385292112472  0  1.680532223134756  .5662109896449186  .0001 
 174.5  30.03851419198259  0  1.676061944699574  .5664091662652964  .0001 
 175  30.0384991727255  0  1.671629293163453  .5666191716915305  .0001 
 175.5  30.03848415347591  0  1.667234222320445  .5668406451658467  .0001 
 176  30.03846913423383  0  1.662876677387712  .5670732340905653  .0001 
 176.5  30.03845411499927  0  1.658556595337716  .5673165938450999  .0001 
 177  30.03843909577221  0  1.654273905220054  .5675703876071984  .0001 
 177.5  30.03842407655266  0  1.650028528473244  .5678342861783366  .0001 
 178  30.03840905734062  0  1.645820379226746  .5681079678131733  .0001 
 178.5  30.03839403813609  0  1.64164936459351  .5683911180529812  .0001 
 179  30.03837901893907  0  1.637515384953313  .5686834295629652  .0001 
 179.5  30.03836399974956  0  1.63341833422717  .5689846019733827  .0001 
 180  30.03834898056756  0  1.629358100143066  .5692943417243815  .0001 
 180.5  30.03833396139307  0  1.625334564493269  .5696123619144729  .0001 
 181  30.03831894222609  0  1.621347603383484  .569938382152556  .0001 
 181.5  30.03830392306662  0  1.617397087474063  .5702721284134156  .0001 
 182  30.03828890391466  0  1.613482882213535  .5706133328966117  .0001 
 182.5  30.03827388477021  0  1.609604848064665  .5709617338886838  .0001 
 183  30.03825886563327  0  1.60576284072327  .5713170756285947  .0001 
 183.5  30.03824384650383  0  1.601956711330018  .5716791081763356  .0001 
 184  30.03822882738191  0  1.598186306675395  .572047587284622  .0001 
 184.5  30.0382138082675  0  1.59445146939808  .5724222742736055  .0001 
 185  30.03819878916059  0  1.590752038176897  .5728029359085318  .0001 
 185.5  30.0381837700612  0  1.587087847916549  .5731893442802745  .0001 
 186  30.03816875096931  0  1.583458729927324  .5735812766886769  .0001 
 186.5  30.03815373188494  0  1.579864512098955  .5739785155286346  .0001 
 187  30.03813871280807  0  1.576305019068802  .5743808481788528  .0001 
 187.5  30.03812369373872  0  1.572780072384541  .5747880668932155  .0001 
 188  30.03810867467687  0  1.569289490661523  .5751999686947016  .0001 
 188.5  30.03809365562253  0  1.565833089734961  .5756163552717885  .0001 
 189  30.0380786365757  0  1.562410682807106  .576037032877281  .0001 
 189.5  30.03806361753638  0  1.559022080589571  .5764618122295082  .0001 
 190  30.03804859850458  0  1.555667091440937  .5768905084158296  .0001 
 190.5  30.03803357948028  0  1.552345521499807  .577322940798394  .0001 
 191  30.03801856046349  0  1.549057174813426  .5777589329220971  .0001 
 191.5  30.03800354145421  0  1.545801853462017  .5781983124246826  .0001 
 192  30.03798852245244  0  1.542579357678967  .5786409109489348  .0001 
 192.5  30.03797350345817  0  1.539389485966974  .5790865640569115  .0001 
 193  30.03795848447142  0  1.536232035210302  .5795351111461656  .0001 
 193.5  30.03794346549218  0  1.533106800783248  .5799863953679083  .0001 
 194  30.03792844652045  0  1.530013576654946  .5804402635470636  .0001 
 194.5  30.03791342755622  0  1.526952155490622  .5808965661041692  .0001 
 195  30.03789840859951  0  1.5239223287494  .5813551569790769  .0001 
 195.5  30.03788338965031  0  1.520923886778788  .5818158935564081  .0001 
 196  30.03786837070861  0  1.517956618905916  .5822786365927209  .0001 
 196.5  30.03785335177443  0  1.515020313525658  .5827432501453466  .0001 
 197  30.03783833284775  0  1.51211475818572  .5832096015028526  .0001 
 197.5  30.03782331392858  0  1.50923973966878  .5836775611170939  .0001 
 198  30.03780829501693  0  1.506395044071799  .5841470025368103  .0001 
 198.5  30.03779327611278  0  1.50358045688256  .5846178023427337  .0001 
 199  30.03777825721614  0  1.500795763053544  .5850898400841664  .0001 
 199.5  30.03776323832701  0  1.498040747073221  .5855629982169935  .0001 
 200  30.03774821944539  0  1.495315193034829  .5860371620430947  .0001 
 200.5  30.03773320057128  0  1.492618884702729  .58651221965112  .0001 
 201  30.03771818170468  0  1.489951605576414  .586988061858595  .0001 
 201.5  30.03770316284559  0  1.487313138952231  .5874645821553234  .0001 
 202  30.03768814399401  0  1.484703267982905  .5879416766480537  .0001 
 202.5  30.03767312514994  0  1.482121775734929  .5884192440063793  .0001 
 203  30.03765810631337  0  1.479568445243876  .5888971854098404  .0001 
 203.5  30.03764308748432  0  1.477043059567715  .5893754044961986  .0001 
 204  30.03762806866278  0  1.474545401838191  .5898538073108547  .0001 
 204.5  30.03761304984874  0  1.472075255310312  .5903323022573811  .0001 
 205  30.03759803104222  0  1.469632403410031  .5908108000491418  .0001 
 205.5  30.0375830122432  0  1.467216629780159  .591289213661972  .0001 
 206  30.0375679934517  0  1.464827718324573  .591767458287892  .0001 
 206.5  30.0375529746677  0  1.462465453250771  .5922454512898289  .0001 
 207  30.03753795589121  0  1.46012961911083  .5927231121573222  .0001 
 207.5  30.03752293712223  0  1.457820000840816  .5932003624631882  .0001 
 208  30.03750791836077  0  1.455536383798685  .5936771258211193  .0001 
 208.5  30.03749289960681  0  1.453278553800749  .5941533278441964  .0001 
 209  30.03747788086036  0  1.451046297156715  .5946288961042907  .0001 
 209.5  30.03746286212142  0  1.448839400703382  .5951037600923333  .0001 
 210  30.03744784338999  0  1.44665765183701  .5955778511794321  .0001 
 210.5  30.03743282466606  0  1.444500838544413  .5960511025788139  .0001 
 211  30.03741780594965  0  1.442368749432821  .5965234493085729  .0001 
 211.5  30.03740278724075  0  1.440261173758545  .596994828155205  .0001 
 212  30.03738776853935  0  1.438177901454482  .5974651776379087  .0001 
 212.5  30.03737274984547  0  1.436118723156503  .5979344379736349  .0001 
 213  30.0373577311591  0  1.434083430228752  .5984025510428661  .0001 
 213.5  30.03734271248023  0  1.432071814787903  .5988694603561086  .0001 
 214  30.03732769380887  0  1.430083669726389  .5993351110210797  .0001 
 214.5  30.03731267514503  0  1.428118788734657  .599799449710573  .0001 
 215  30.03729765648869  0  1.426176966322467  .6002624246309864  .0001 
 215.5  30.03728263783986  0  1.424257997839271  .6007239854914953  .0001 
 216  30.03726761919854  0  1.422361679493694  .6011840834738578  .0001 
 216.5  30.03725260056473  0  1.420487808372162  .6016426712028347  .0001 
 217  30.03723758193843  0  1.418636182456685  .6020997027172105  .0001 
 217.5  30.03722256331964  0  1.416806600641838  .6025551334414013  .0001 
 218  30.03720754470836  0  1.414998862750954  .6030089201576353  .0001 
 218.5  30.03719252610459  0  1.413212769551563  .6034610209786931  .0001 
 219  30.03717750750832  0  1.411448122770098  .603911395321193  .0001 
 219.5  30.03716248891957  0  1.409704725105892  .6043600038794104  .0001 
 220  30.03714747033833  0  1.407982380244487  .6048068085996178  .0001 
 220.5  30.03713245176459  0  1.406280892870278  .6052517726549327  .0001 
 221  30.03711743319836  0  1.404600068678521  .6056948604206634  .0001 
 221.5  30.03710241463965  0  1.40293971438671  .6061360374501383  .0001 
 222  30.03708739608844  0  1.401299637745362  .6065752704510111  .0001 
 222.5  30.03707237754474  0  1.399679647548212  .6070125272620272  .0001 
 223  30.03705735900855  0  1.39807955364185  .6074477768302439  .0001 
 223.5  30.03704234047987  0  1.396499166934811  .6078809891886915  .0001 
 224  30.0370273219587  0  1.39493829940614  .6083121354344671  .0001 
 224.5  30.03701230344504  0  1.393396764113446  .6087411877072503  .0001 
 225  30.03699728493889  0  1.391874375200464  .6091681191682308  .0001 
 225.5  30.03698226644025  0  1.390370947904136  .6095929039794403  .0001 
 226  30.03696724794911  0  1.388886298561238  .6100155172834776  .0001 
 226.5  30.03695222946549  0  1.387420244614557  .6104359351836196  .0001 
 227  30.03693721098938  0  1.385972604618635  .6108541347243086  .0001 
 227.5  30.03692219252077  0  1.384543198245095  .6112700938720083  .0001 
 228  30.03690717405967  0  1.38313184628757  .6116837914964196  .0001 
 228.5  30.03689215560609  0  1.381738370666237  .612095207352049  .0001 
 229  30.03687713716001  0  1.380362594431971  .6125043220601214  .0001 
 229.5  30.03686211872144  0  1.37900434177014  .6129111170908296  .0001 
 230  30.03684710029038  0  1.377663438004044  .6133155747459139  .0001 
 230.5  30.03683208186683  0  1.376339709598011  .6137176781415637  .0001 
 231  30.03681706345079  0  1.375032984160172  .614117411191635  .0001 
 231.5  30.03680204504226  0  1.373743090444902  .6145147585911768  .0001 
 232  30.03678702664123  0  1.372469858354971  .614909705800259  .0001 
 232.5  30.03677200824772  0  1.371213118943381  .6153022390280965  .0001 
 233  30.03675698986172  0  1.369972704414925  .615692345217463  .0001 
 233.5  30.03674197148322  0  1.368748448127467  .6160800120293875  .0001 
 234  30.03672695311224  0  1.367540184592946  .6164652278281287  .0001 
 234.5  30.03671193474876  0  1.366347749478131  .6168479816664206  .0001 
 235  30.03669691639279  0  1.365170979605115  .617228263270985  .0001 
 235.5  30.03668189804433  0  1.364009712951573  .617606063028303  .0001 
 236  30.03666687970338  0  1.362863788650781  .6179813719706429  .0001 
 236.5  30.03665186136994  0  1.361733046991417  .6183541817623373  .0001 
 237  30.03663684304401  0  1.360617329417129  .6187244846863056  .0001 
 237.5  30.03662182472559  0  1.359516478525909  .6190922736308154  .0001 
 238  30.03660680641468  0  1.358430338069247  .6194575420764797  .0001 
 238.5  30.03659178811128  0  1.3573587529511  .6198202840834843  .0001 
 239  30.03657676981538  0  1.356301569226665  .6201804942790404  .0001 
 239.5  30.036561751527  0  1.355258634100972  .6205381678450591  .0001 
 240  30.03654673324612  0  1.354229795927294  .6208933005060422  .0001 
 240.5  30.03653171497276  0  1.353214904205391  .6212458885171859  .0001 
 241  30.0365166967069  0  1.352213809579589  .6215959286526929  .0001 
 241.5  30.03650167844855  0  1.351226363836697  .6219434181942887  .0001 
 242  30.03648666019771  0  1.350252419903773  .6222883549199385  .0001 
 242.5  30.03647164195438  0  1.349291831845738  .6226307370927609  .0001 
 243  30.03645662371856  0  1.348344454862852  .6229705634501341  .0001 
 243.5  30.03644160549025  0  1.34741014528805  .6233078331929914  .0001 
 244  30.03642658726944  0  1.34648876058414  .6236425459753026  .0001 
 244.5  30.03641156905615  0  1.345580159340884  .6239747018937366  .0001 
 245  30.03639655085037  0  1.344684201271944  .6243043014775041  .0001 
 245.5  30.03638153265209  0  1.343800747211714  .6246313456783746  .0001 
 246  30.03636651446132  0  1.342929659112043  .6249558358608661  .0001 
 246.5  30.03635149627807  0  1.342070800038834  .6252777737926031  .0001 
 247  30.03633647810232  0  1.341224034168547  .6255971616348418  .0001 
 247.5  30.03632145993408  0  1.3403892267846  .625914001933157  .0001 
 248  30.03630644177335  0  1.339566244273662  .6262282976082893  .0001 
 248.5  30.03629142362013  0  1.338754954121862  .6265400519471496  .0001 
 249  30.03627640547442  0  1.337955224910901  .6268492685939779  .0001 
 249.5  30.03626138733621  0  1.337166926314073  .627155951541653  .0001 
 250  30.03624636920552  0  1.336389929092211  .6274601051231522  .0001 
 250.5  30.03623135108233  0  1.335624105089541  .6277617340031558  .0001 
 251  30.03621633296666  0  1.334869327229467  .6280608431697968  .0001 
 251.5  30.03620131485849  0  1.334125469510273  .6283574379265507  .0001 
 252  30.03618629675784  0  1.333392407000763  .6286515238842643  .0001 
 252.5  30.03617127866469  0  1.332670015835818  .6289431069533215  .0001 
 253  30.03615626057905  0  1.331958173211902  .6292321933359422  .0001 
 253.5  30.03614124250092  0  1.331256757382491  .6295187895186136  .0001 
 254  30.0361262244303  0  1.330565647653451  .6298029022646508  .0001 
 254.5  30.03611120636718  0  1.329884724378352  .6300845386068851  .0001 
 255  30.03609618831158  0  1.329213868953726  .6303637058404769  .0001 
 255.5  30.03608117026349  0  1.328552963814275  .6306404115158526  .0001 
 256  30.0360661522229  0  1.327901892428024  .6309146634317615  .0001 
 256.5  30.03605113418982  0  1.327260539291429  .6311864696284532  .0001 
 257  30.03603611616426  0  1.326628789924432  .631455838380971  .0001 
 257.5  30.0360210981462  0  1.326006530865477  .6317227781925612  .0001 
 258  30.03600608013565  0  1.325393649666481  .6319872977881956  .0001 
 258.5  30.03599106213261  0  1.324790034887767  .6322494061082055  .0001 
 259  30.03597604413708  0  1.324195576092951  .6325091123020259  .0001 
 259.5  30.03596102614906  0  1.323610163843801  .6327664257220468  .0001 
 260  30.03594600816854  0  1.323033689695055  .6330213559175724  .0001 
 260.5  30.03593099019554  0  1.322466046189209  .6332739126288828  .0001 
 261  30.03591597223004  0  1.321907126851269  .6335241057814008  .0001 
 261.5  30.03590095427206  0  1.321356826183481  .6337719454799586  .0001 
 262  30.03588593632158  0  1.320815039660025  .634017442003165  .0001 
 262.5  30.03587091837861  0  1.320281663721683  .6342606057978704  .0001 
 263  30.03585590044315  0  1.31975659577049  .6345014474737291  .0001 
 263.5  30.0358408825152  0  1.319239734164346  .6347399777978562  .0001 
 264  30.03582586459476  0  1.318730978211626  .6349762076895788  .0001 
 264.5  30.03581084668183  0  1.318230228165748  .635210148215279  .0001 
 265  30.03579582877641  0  1.317737385219736  .6354418105833283  .0001 
 265.5  30.03578081087849  0  1.317252351500759  .6356712061391114  .0001 
 266  30.03576579298809  0  1.316775030064657  .6358983463601381  .0001 
 266.5  30.03575077510519  0  1.31630532489044  .636123242851242  .0001 
 267  30.0357357572298  0  1.315843140874792  .6363459073398652  .0001 
 267.5  30.03572073936192  0  1.31538838382654  .6365663516714269  .0001 
 268  30.03570572150155  0  1.314940960461129  .636784587804775  .0001 
 268.5  30.03569070364869  0  1.31450077839507  .6370006278077197  .0001 
 269  30.03567568580334  0  1.314067746140393  .6372144838526479  .0001 
 269.5  30.0356606679655  0  1.31364177309908  .6374261682122162  .0001 
 270  30.03564565013516  0  1.313222769557495  .6376356932551233  .0001 
 270.5  30.03563063231234  0  1.312810646680803  .6378430714419582  .0001 
 271  30.03561561449702  0  1.312405316507388  .6380483153211256  .0001 
 271.5  30.03560059668921  0  1.312006691943264  .6382514375248452  .0001 
 272  30.03558557888892  0  1.311614686756478  .6384524507652253  .0001 
 272.5  30.03557056109613  0  1.311229215571514  .6386513678304087  .0001 
 273  30.03555554331085  0  1.310850193863694  .6388482015807909  .0001 
 273.5  30.03554052553307  0  1.310477537953575  .6390429649453078  .0001 
 274  30.03552550776281  0  1.310111165001347  .6392356709177942  .0001 
 274.5  30.03551049000006  0  1.30975099300123  .63942633255341  .0001 
 275  30.03549547224481  0  1.309396940775872  .6396149629651344  .0001 
 275.5  30.03548045449708  0  1.309048927970749  .6398015753203264  .0001 
 276  30.03546543675685  0  1.308706875048564  .6399861828373515  .0001 
 276.5  30.03545041902413  0  1.308370703283655  .6401687987822726  .0001 
 277  30.03543540129892  0  1.308040334756399  .6403494364656049  .0001 
 277.5  30.03542038358122  0  1.307715692347626  .6405281092391338  .0001 
 278  30.03540536587103  0  1.307396699733034  .6407048304927943  .0001 
 278.5  30.03539034816835  0  1.307083281377613  .6408796136516123  .0001 
 279  30.03537533047317  0  1.306775362530072  .6410524721727056  .0001 
 279.5  30.03536031278551  0  1.306472869217274  .6412234195423441  .0001 
 280  30.03534529510535  0  1.306175728238677  .641392469273069  .0001 
 280.5  30.0353302774327  0  1.305883867160785  .6415596349008695  .0001 
 281  30.03531525976756  0  1.305597214311607  .6417249299824164  .0001 
 281.5  30.03530024210993  0  1.305315698775123  .6418883680923514  .0001 
 282  30.03528522445981  0  1.305039250385757  .6420499628206326  .0001 
 282.5  30.0352702068172  0  1.304767799722871  .6422097277699331  .0001 
 283  30.0352551891821  0  1.304501278105255  .6423676765530947  .0001 
 283.5  30.0352401715545  0  1.304239617585639  .6425238227906336  .0001 
 284  30.03522515393442  0  1.303982750945209  .6426781801082988  .0001 
 284.5  30.03521013632184  0  1.303730611688139  .6428307621346815  .0001 
 285  30.03519511871677  0  1.303483134036137  .6429815824988754  .0001 
 285.5  30.03518010111921  0  1.303240252922996  .6431306548281875  .0001 
 286  30.03516508352916  0  1.303001903989167  .6432779927458971  .0001 
 286.5  30.03515006594662  0  1.302768023576341  .6434236098690643  .0001 
 287  30.03513504837159  0  1.302538548722044  .6435675198063858  .0001 
 287.5  30.03512003080406  0  1.302313417154249  .6437097361560982  .0001 
 288  30.03510501324405  0  1.302092567286003  .643850272503928  .0001 
 288.5  30.03508999569154  0  1.301875938210067  .6439891424210864  .0001 
 289  30.03507497814654  0  1.30166346969357  .6441263594623107  .0001 
 289.5  30.03505996060905  0  1.301455102172687  .6442619371639491  .0001 
 290  30.03504494307907  0  1.301250776747322  .6443958890420901  .0001 
 290.5  30.0350299255566  0  1.301050435175814  .6445282285907345  .0001 
 291  30.03501490804164  0  1.300854019869662  .6446589692800105  .0001 
 291.5  30.03499989053418  0  1.30066147388826  .6447881245544309  .0001 
 292  30.03498487303424  0  1.300472740933658  .6449157078311909  .0001 
 292.5  30.0349698555418  0  1.30028776534533  .6450417324985074  .0001 
 293  30.03495483805687  0  1.300106492094972  .6451662119139986  .0001 
 293.5  30.03493982057945  0  1.29992886678131  .6452891594031023  .0001 
 294  30.03492480310954  0  1.299754835624932  .6454105882575342  .0001 
 294.5  30.03490978564714  0  1.299584345463132  .6455305117337838  .0001 
 295  30.03489476819225  0  1.299417343744781  .6456489430516488  .0001 
 295.5  30.03487975074487  0  1.299253778525213  .6457658953928064  .0001 
 296  30.03486473330499  0  1.299093598461131  .6458813818994216  .0001 
 296.5  30.03484971587262  0  1.298936752805535  .6459954156727914  .0001 
 297  30.03483469844777  0  1.298783191402669  .6461080097720248  .0001 
 297.5  30.03481968103042  0  1.298632864682985  .6462191772127579  .0001 
 298  30.03480466362058  0  1.298485723658134  .6463289309659037  .0001 
 298.5  30.03478964621824  0  1.298341719915975  .6464372839564359  .0001 
 299  30.03477462882342  0  1.298200805615603  .6465442490622056  .0001 
 299.5  30.03475961143611  0  1.298062933482401  .6466498391127925  .0001 
 300  30.0347445940563  0  1.297928056803112  .6467540668883868  .0001 
 300.5  30.034729576684  0  1.297796129420934  .6468569451187047  .0001 
 301  30.03471455931921  0  1.297667105730636  .6469584864819344  .0001 
 301.5  30.03469954196194  0  1.297540940673696  .6470587036037134  .0001 
 302  30.03468452461216  0  1.297417589733461  .6471576090561369  .0001 
 302.5  30.0346695072699  0  1.297297008930332  .6472552153567951  .0001 
 303  30.03465448993515  0  1.297179154816967  .6473515349678414  .0001 
 303.5  30.0346394726079  0  1.297063984473507  .6474465802950887  .0001 
 304  30.03462445528817  0  1.296951455502835  .6475403636871352  .0001 
 304.5  30.03460943797594  0  1.296841526025841  .6476328974345175  .0001 
 305  30.03459442067122  0  1.296734154676727  .6477241937688923  .0001 
 305.5  30.03457940337401  0  1.296629300598319  .6478142648622452  .0001 
 306  30.03456438608431  0  1.296526923437422  .6479031228261258  .0001 
 306.5  30.03454936880212  0  1.296426983340177  .6479907797109102  .0001 
 307  30.03453435152743  0  1.29632944094746  .6480772475050884  .0001 
 307.5  30.03451933426026  0  1.296234257390294  .6481625381345785  .0001 
 308  30.03450431700059  0  1.296141394285289  .6482466634620651  .0001 
 308.5  30.03448929974843  0  1.296050813730105  .6483296352863628  .0001 
 309  30.03447428250378  0  1.29596247829894  .6484114653418039  .0001 
 309.5  30.03445926526664  0  1.295876351038043  .6484921652976505  .0001 
 310  30.03444424803701  0  1.295792395461249  .6485717467575293  .0001 
 310.5  30.03442923081488  0  1.295710575545539  .6486502212588902  .0001 
 311  30.03441421360027  0  1.295630855726628  .6487276002724875  .0001 
 311.5  30.03439919639316  0  1.295553200894573  .6488038952018829  .0001 
 312  30.03438417919356  0  1.295477576389411  .6488791173829715  .0001 
 312.5  30.03436916200147  0  1.295403947996814  .6489532780835283  .0001 
 313  30.03435414481689  0  1.295332281943779  .6490263885027764  .0001 
 313.5  30.03433912763982  0  1.295262544894333  .6490984597709763  .0001 
 314  30.03432411047025  0  1.295194703945273  .649169502949035  .0001 
 314.5  30.0343090933082  0  1.295128726621922  .6492395290281357  .0001 
 315  30.03429407615365  0  1.295064580873917  .6493085489293872  .0001 
 315.5  30.03427905900661  0  1.295002235071016  .6493765735034923  .0001 
 316  30.03426404186709  0  1.29494165799894  .6494436135304356  .0001 
 316.5  30.03424902473506  0  1.294882818855227  .6495096797191902  .0001 
 317  30.03423400761055  0  1.294825687245126  .6495747827074418  .0001 
 317.5  30.03421899049355  0  1.294770233177504  .6496389330613321  .0001 
 318  30.03420397338405  0  1.294716427060784  .6497021412752188  .0001 
 318.5  30.03418895628207  0  1.294664239698914  .6497644177714535  .0001 
 319  30.03417393918759  0  1.29461364228735  .6498257729001765  .0001 
 319.5  30.03415892210062  0  1.294564606409071  .6498862169391282  .0001 
 320  30.03414390502116  0  1.294517104030624  .649945760093477  .0001 
