0.5 0.15000000596046448 0.30000001192092896 0.2985793650150299 0.11140968650579453 1.403002142906189
1 0.2989477515220642 0.30000001192092896 0.2973058223724365 0.14357434213161469 1.3251737356185913
1.5 0.4469669759273529 0.30000001192092896 0.296424001455307 0.1741751879453659 1.321760654449463
2 0.5940130949020386 0.30000001192092896 0.29591214656829834 0.2043481469154358 1.3145639896392822
2.5 0.7401087284088135 0.30000001192092896 0.295762300491333 0.23404181003570557 1.3076063394546509
3 0.8852698802947998 0.30000001192092896 0.29596617817878723 0.2632655203342438 1.3006807565689087
3.5 1.029512643814087 0.30000001192092896 0.29651588201522827 0.292025089263916 1.293801188468933
4 1.1728527545928955 0.30000001192092896 0.2974037826061249 0.3203262984752655 1.2869693040847778
4.5 1.3153055906295776 0.30000001192092896 0.2986225485801697 0.3481746315956116 1.2801872491836548
5 1.4568864107131958 0.30000001192092896 0.3001651465892792 0.37557536363601685 1.2734565734863281
5.5 1.5976099967956543 0.30000001192092896 0.30202481150627136 0.40253356099128723 1.266778826713562
6 1.7374908924102783 0.30000001192092896 0.3041950464248657 0.42905402183532715 1.2601553201675415
6.5 1.876543402671814 0.30000001192092896 0.30666959285736084 0.45514142513275146 1.2535871267318726
7 2.0147814750671387 0.30000001192092896 0.3094424307346344 0.48080021142959595 1.2470749616622925
7.5 2.1522185802459717 0.30000001192092896 0.3125077486038208 0.5060347318649292 1.2406196594238281
8 2.2888681888580322 0.30000001192092896 0.31585997343063354 0.530849039554596 1.2342215776443481
8.5 2.424743413925171 0.30000001192092896 0.31949374079704285 0.5552471280097961 1.2278810739517212
9 2.55985689163208 0.30000001192092896 0.32340386509895325 0.5792328715324402 1.221598505973816
9.5 2.694221258163452 0.30000001192092896 0.327585369348526 0.6028099656105042 1.2153736352920532
10 2.8278489112854004 0.30000001192092896 0.3320334255695343 0.6259820461273193 1.209206461906433
10.5 2.960751533508301 0.30000001192092896 0.33674341440200806 0.6487525105476379 1.2030969858169556
11 3.0929412841796875 0.30000001192092896 0.3417108654975891 0.6711247563362122 1.1970447301864624
11.5 3.2244293689727783 0.30000001192092896 0.34693145751953125 0.6931020021438599 1.1910492181777954
12 3.355226993560791 0.30000001192092896 0.3524010479450226 0.7146874666213989 1.1851098537445068
12.5 3.4853453636169434 0.30000001192092896 0.3581155836582184 0.7358841896057129 1.1792263984680176
13 3.614795207977295 0.30000001192092896 0.36407119035720825 0.7566952109336853 1.1733977794647217
13.5 3.7435872554779053 0.30000001192092896 0.37026408314704895 0.7771234512329102 1.1676234006881714
14 3.871731758117676 0.30000001192092896 0.37669065594673157 0.7971717715263367 1.1619025468826294
14.5 3.999238967895508 0.30000001192092896 0.38334736227989197 0.8168429136276245 1.1562341451644897
15 4.1261186599731445 0.30000001192092896 0.39023077487945557 0.8361396789550781 1.150617241859436
15.5 4.252380847930908 0.30000001192092896 0.3973376154899597 0.8550646901130676 1.1450510025024414
16 4.378035068511963 0.30000001192092896 0.40466463565826416 0.8736206293106079 1.1395341157913208
16.5 4.5030903816223145 0.30000001192092896 0.4122087359428406 0.8918100595474243 1.134065866470337
17 4.627556324005127 0.30000001192092896 0.4199669063091278 0.9096355438232422 1.1286448240280151
17.5 4.751441955566406 0.30000001192092896 0.4279361665248871 0.9270995259284973 1.1232701539993286
18 4.874756336212158 0.30000001192092896 0.4361136555671692 0.944204568862915 1.1179403066635132
18.5 4.9975080490112305 0.30000001192092896 0.4444965422153473 0.9609530568122864 1.1126543283462524
19 5.119705677032471 0.30000001192092896 0.4530821144580841 0.9773474335670471 1.1074109077453613
19.5 5.241357803344727 0.30000001192092896 0.46186769008636475 0.9933901429176331 1.1022089719772339
20 5.3624725341796875 0.30000001192092896 0.4708506166934967 1.0090835094451904 1.097047209739685
20.5 5.483057975769043 0.30000001192092896 0.480028361082077 1.0244299173355103 1.0919244289398193
21 5.603122711181641 0.30000001192092896 0.48939839005470276 1.0394316911697388 1.086839199066162
21.5 5.722674369812012 0.30000001192092896 0.49895820021629333 1.054091215133667 1.081790566444397
22 5.8417205810546875 0.30000001192092896 0.5087053775787354 1.0684107542037964 1.0767771005630493
22.5 5.960269451141357 0.30000001192092896 0.518637478351593 1.0823925733566284 1.0717978477478027
23 6.078328609466553 0.30000001192092896 0.5287521481513977 1.096039056777954 1.066851258277893
23.5 6.1959052085876465 0.30000001192092896 0.5390470027923584 1.1093525886535645 1.0619362592697144
24 6.31300687789917 0.30000001192092896 0.5495196580886841 1.1223353147506714 1.0570517778396606
24.5 6.429640769958496 0.30000001192092896 0.5601678490638733 1.1349897384643555 1.0521966218948364
25 6.545814514160156 0.30000001192092896 0.5709892511367798 1.1473180055618286 1.0473695993423462
25.5 6.661535263061523 0.30000001192092896 0.5819815397262573 1.1593225002288818 1.0425695180892944
26 6.7768096923828125 0.30000001192092896 0.5931424498558044 1.1710056066513062 1.0377953052520752
26.5 6.8916449546813965 0.30000001192092896 0.6044696569442749 1.182369589805603 1.0330458879470825
27 7.006048202514648 0.30000001192092896 0.6159608364105225 1.193416714668274 1.0283203125
27.5 7.120026111602783 0.30000001192092896 0.6276136636734009 1.2041494846343994 1.0236172676086426
28 7.233585357666016 0.30000001192092896 0.6394258141517639 1.214570164680481 1.018936038017273
28.5 7.3467326164245605 0.30000001192092896 0.6513949632644653 1.2246811389923096 1.0142755508422852
29 7.459474563598633 0.30000001192092896 0.6635187268257141 1.2344849109649658 1.0096347332000732
29.5 7.571817874908447 0.30000001192092896 0.6757947206497192 1.2439837455749512 1.0050127506256104
30 7.683769226074219 0.30000001192092896 0.6882205009460449 1.2531801462173462 1.0004085302352905
30.5 7.795334815979004 0.30000001192092896 0.7007936835289001 1.262076497077942 0.9958214163780212
31 7.906520843505859 0.30000001192092896 0.7135118246078491 1.2706753015518188 0.9912504553794861
31.5 8.017333984375 0.30000001192092896 0.7263723611831665 1.278978943824768 0.9866948127746582
32 8.12778091430664 0.30000001192092896 0.7393727898597717 1.2869900465011597 0.9821536540985107
32.5 8.23786735534668 0.30000001192092896 0.7525105476379395 1.2947109937667847 0.9776261448860168
33 8.347599983215332 0.30000001192092896 0.7657830119132996 1.3021444082260132 0.9731117486953735
33.5 8.456984519958496 0.30000001192092896 0.7791875004768372 1.3092929124832153 0.9686094522476196
34 8.56602668762207 0.30000001192092896 0.7927213311195374 1.3161590099334717 0.9641188383102417
34.5 8.67473316192627 0.30000001192092896 0.8063817024230957 1.3227453231811523 0.9596391320228577
35 8.783109664916992 0.30000001192092896 0.8201658725738525 1.3290544748306274 0.9551695585250854
35.5 8.891162872314453 0.30000001192092896 0.8340709805488586 1.3350892066955566 0.9507095813751221
36 8.99889850616455 0.30000001192092896 0.84809410572052 1.34085214138031 0.946258544921875
36.5 9.106322288513184 0.30000001192092896 0.8622323274612427 1.3463459014892578 0.9418158531188965
37 9.21343994140625 0.30000001192092896 0.8764826059341431 1.3515733480453491 0.9373811483383179
37.5 9.320257186889648 0.30000001192092896 0.8908418416976929 1.3565372228622437 0.9329535961151123
38 9.426780700683594 0.30000001192092896 0.9053069949150085 1.361240267753601 0.9285330176353455
38.5 9.533015251159668 0.30000001192092896 0.9198747873306274 1.3656853437423706 0.9241184592247009
39 9.638967514038086 0.30000001192092896 0.9345420598983765 1.369875192642212 0.9197099208831787
39.5 9.74464225769043 0.30000001192092896 0.9493054747581482 1.3738127946853638 0.9153066873550415
40 9.850045204162598 0.30000001192092896 0.9641616940498352 1.3775010108947754 0.9109082818031311
40.5 9.955183029174805 0.30000001192092896 0.9791072607040405 1.380942702293396 0.9065144658088684
41 10.060060501098633 0.30000001192092896 0.9941387176513672 1.384140968322754 0.9021246433258057
41.5 10.16468334197998 0.30000001192092896 1.0092525482177734 1.3870986700057983 0.897738516330719
42 10.269057273864746 0.30000001192092896 1.0244451761245728 1.389818787574768 0.8933556079864502
42.5 10.373188018798828 0.30000001192092896 1.039712905883789 1.3923044204711914 0.8889757990837097
43 10.477080345153809 0.30000001192092896 1.0550520420074463 1.3945586681365967 0.8845985531806946
43.5 10.580739974975586 0.30000001192092896 1.0704587697982788 1.3965845108032227 0.8802235126495361
44 10.684172630310059 0.30000001192092896 1.085929274559021 1.3983850479125977 0.8758504390716553
44.5 10.787384033203125 0.30000001192092896 1.1014597415924072 1.3999634981155396 0.8714791536331177
45 10.890378952026367 0.30000001192092896 1.1170462369918823 1.4013229608535767 0.8671091198921204
45.5 10.993163108825684 0.30000001192092896 1.1326847076416016 1.4024666547775269 0.8627400994300842
46 11.095742225646973 0.30000001192092896 1.1483712196350098 1.403397798538208 0.8583719730377197
46.5 11.198121070861816 0.30000001192092896 1.1641016006469727 1.404119610786438 0.8540043234825134
47 11.300304412841797 0.30000001192092896 1.179871678352356 1.4046353101730347 0.8496370911598206
47.5 11.402298927307129 0.30000001192092896 1.195677399635315 1.4049482345581055 0.8452698588371277
48 11.504108428955078 0.30000001192092896 1.2115144729614258 1.4050616025924683 0.8409024477005005
48.5 11.60573959350586 0.30000001192092896 1.2273786067962646 1.4049787521362305 0.8365347385406494
49 11.707196235656738 0.30000001192092896 1.2432656288146973 1.4047030210494995 0.832166314125061
49.5 11.80848503112793 0.30000001192092896 1.2591711282730103 1.4042377471923828 0.8277971148490906
50 11.9096097946167 0.30000001192092896 1.2750906944274902 1.4035863876342773 0.8234267830848694
50.5 12.010576248168945 0.30000001192092896 1.2910199165344238 1.402752161026001 0.819055438041687
51 12.11138916015625 0.30000001192092896 1.3069543838500977 1.4017386436462402 0.8146826028823853
51.5 12.212054252624512 0.30000001192092896 1.3228896856307983 1.4005491733551025 0.8103082776069641
52 12.312576293945312 0.30000001192092896 1.338821291923523 1.3991872072219849 0.8059321641921997
52.5 12.41296100616455 0.30000001192092896 1.354744791984558 1.3976560831069946 0.8015542030334473
53 12.513213157653809 0.30000001192092896 1.3706555366516113 1.3959592580795288 0.7971740961074829
53.5 12.613337516784668 0.30000001192092896 1.3865491151809692 1.394100308418274 0.7927917838096619
54 12.713338851928711 0.30000001192092896 1.4024208784103394 1.3920825719833374 0.788407027721405
54.5 12.813222885131836 0.30000001192092896 1.4182664155960083 1.3899096250534058 0.7840198278427124
55 12.912993431091309 0.30000001192092896 1.4340810775756836 1.387584924697876 0.7796299457550049
55.5 13.012656211853027 0.30000001192092896 1.4498603343963623 1.3851118087768555 0.7752373218536377
56 13.11221694946289 0.30000001192092896 1.465599775314331 1.3824938535690308 0.7708417177200317
56.5 13.211679458618164 0.30000001192092896 1.4812947511672974 1.3797345161437988 0.7664429545402527
57 13.311049461364746 0.30000001192092896 1.4969407320022583 1.3768373727798462 0.7620411515235901
57.5 13.410331726074219 0.30000001192092896 1.512533187866211 1.3738057613372803 0.7576358318328857
58 13.509531021118164 0.30000001192092896 1.528067708015442 1.370643138885498 0.7532271146774292
58.5 13.608652114868164 0.30000001192092896 1.5435397624969482 1.367353081703186 0.7488147616386414
59 13.707700729370117 0.30000001192092896 1.5589449405670166 1.3639389276504517 0.7443987727165222
59.5 13.806680679321289 0.30000001192092896 1.5742788314819336 1.3604042530059814 0.7399789690971375
60 13.905597686767578 0.30000001192092896 1.5895370244979858 1.3567523956298828 0.7355551719665527
60.5 14.00445556640625 0.30000001192092896 1.6047152280807495 1.3529866933822632 0.7311273217201233
61 14.103260040283203 0.30000001192092896 1.6198090314865112 1.349110722541809 0.7266953587532043
61.5 14.20201587677002 0.30000001192092896 1.6348142623901367 1.3451277017593384 0.7222590446472168
62 14.300727844238281 0.30000001192092896 1.6497267484664917 1.341041088104248 0.7178184390068054
62.5 14.399401664733887 0.30000001192092896 1.6645421981811523 1.3368542194366455 0.7133733034133911
63 14.498041152954102 0.30000001192092896 1.679256558418274 1.3325704336166382 0.7089234590530396
63.5 14.596651077270508 0.30000001192092896 1.6938657760620117 1.3281930685043335 0.7044690251350403
64 14.695236206054688 0.30000001192092896 1.7083659172058105 1.3237253427505493 0.7000096440315247
64.5 14.793802261352539 0.30000001192092896 1.7227529287338257 1.3191704750061035 0.695545494556427
65 14.892353057861328 0.30000001192092896 1.7370229959487915 1.3145318031311035 0.6910762190818787
65.5 14.990894317626953 0.30000001192092896 1.751172423362732 1.3098124265670776 0.6866018772125244
66 15.089430809020996 0.30000001192092896 1.7651973962783813 1.3050155639648438 0.6821222305297852
66.5 15.187966346740723 0.30000001192092896 1.7790942192077637 1.3001443147659302 0.6776372790336609
67 15.286506652832031 0.30000001192092896 1.7928593158721924 1.2952017784118652 0.6731468439102173
67.5 15.385056495666504 0.30000001192092896 1.8064892292022705 1.2901910543441772 0.6686508655548096
68 15.483620643615723 0.30000001192092896 1.819980502128601 1.2851152420043945 0.6641492247581482
68.5 15.58220386505127 0.30000001192092896 1.8333299160003662 1.2799772024154663 0.6596419215202332
69 15.680810928344727 0.30000001192092896 1.8465341329574585 1.2747799158096313 0.6551285982131958
69.5 15.779446601867676 0.30000001192092896 1.85958993434906 1.2695263624191284 0.6506094336509705
70 15.8781156539917 0.30000001192092896 1.8724943399429321 1.2642194032669067 0.646084189414978
70.5 15.976822853088379 0.30000001192092896 1.885244369506836 1.2588618993759155 0.6415528059005737
71 16.075572967529297 0.30000001192092896 1.8978371620178223 1.2534565925598145 0.637015163898468
71.5 16.17437171936035 0.30000001192092896 1.910269856452942 1.2480062246322632 0.6324711441993713
72 16.273221969604492 0.30000001192092896 1.9225398302078247 1.2425135374069214 0.6279205679893494
72.5 16.37213134765625 0.30000001192092896 1.9346444606781006 1.2369811534881592 0.6233635544776917
73 16.471101760864258 0.30000001192092896 1.946581244468689 1.2314116954803467 0.6187998056411743
73.5 16.570140838623047 0.30000001192092896 1.9583477973937988 1.2258076667785645 0.6142293214797974
74 16.669252395629883 0.30000001192092896 1.9699418544769287 1.2201716899871826 0.6096518635749817
74.5 16.76844024658203 0.30000001192092896 1.9813611507415771 1.2145061492919922 0.6050673723220825
75 16.86771011352539 0.30000001192092896 1.9926036596298218 1.2088135480880737 0.6004758477210999
75.5 16.96706771850586 0.30000001192092896 2.0036673545837402 1.2030961513519287 0.5958771109580994
76 17.066516876220703 0.30000001192092896 2.0145504474639893 1.1973563432693481 0.5912710428237915
76.5 17.166061401367188 0.30000001192092896 2.0252509117126465 1.1915963888168335 0.5866575241088867
77 17.265708923339844 0.30000001192092896 2.0357673168182373 1.1858184337615967 0.582036554813385
77.5 17.365463256835938 0.30000001192092896 2.046097993850708 1.1800247430801392 0.5774078965187073
78 17.465328216552734 0.30000001192092896 2.056241512298584 1.1742173433303833 0.572771430015564
78.5 17.565309524536133 0.30000001192092896 2.0661964416503906 1.168398380279541 0.5681272149085999
79 17.66541290283203 0.30000001192092896 2.0759615898132324 1.1625697612762451 0.5634748935699463
79.5 17.765642166137695 0.30000001192092896 2.0855355262756348 1.1567333936691284 0.558814525604248
80 17.866003036499023 0.30000001192092896 2.0949175357818604 1.1508913040161133 0.5541459918022156
80.5 17.966501235961914 0.30000001192092896 2.1041064262390137 1.145045280456543 0.5494691133499146
81 18.067140579223633 0.30000001192092896 2.1131014823913574 1.1391971111297607 0.5447837710380554
81.5 18.167926788330078 0.30000001192092896 2.121901750564575 1.1333485841751099 0.5400898456573486
82 18.26886558532715 0.30000001192092896 2.130506753921509 1.127501368522644 0.5353872179985046
82.5 18.36996078491211 0.30000001192092896 2.138915777206421 1.1216570138931274 0.5306757688522339
83 18.47121810913086 0.30000001192092896 2.1471283435821533 1.1158171892166138 0.5259553790092468
83.5 18.572643280029297 0.30000001192092896 2.155143976211548 1.1099833250045776 0.5212259888648987
84 18.674240112304688 0.30000001192092896 2.1629624366760254 1.1041569709777832 0.5164873600006104
84.5 18.77601432800293 0.30000001192092896 2.170583724975586 1.098339557647705 0.5117394924163818
85 18.877971649169922 0.30000001192092896 2.1780073642730713 1.0925325155258179 0.5069822669029236
85.5 18.980117797851562 0.30000001192092896 2.1852335929870605 1.086737036705017 0.5022153258323669
86 19.082456588745117 0.30000001192092896 2.1922624111175537 1.0809545516967773 0.4974386394023895
86.5 19.184995651245117 0.30000001192092896 2.199093818664551 1.0751861333847046 0.4926523268222809
87 19.287738800048828 0.30000001192092896 2.20572829246521 1.0694330930709839 0.48785585165023804
87.5 19.390689849853516 0.30000001192092896 2.2121658325195312 1.0636963844299316 0.48304927349090576
88 19.49385643005371 0.30000001192092896 2.218406915664673 1.0579771995544434 0.47823262214660645
88.5 19.597244262695312 0.30000001192092896 2.224452018737793 1.052276611328125 0.47340553998947144
89 19.700857162475586 0.30000001192092896 2.23030161857605 1.0465954542160034 0.46856778860092163
89.5 19.80470085144043 0.30000001192092896 2.2359564304351807 1.0409348011016846 0.46371951699256897
90 19.908781051635742 0.30000001192092896 2.241417169570923 1.0352954864501953 0.45886048674583435
90.5 20.013103485107422 0.30000001192092896 2.2466843128204346 1.0296783447265625 0.45399045944213867
91 20.117673873901367 0.30000001192092896 2.2517588138580322 1.024084210395813 0.4491093158721924
91.5 20.222497940063477 0.30000001192092896 2.2566416263580322 1.018513798713684 0.4442169964313507
92 20.32758140563965 0.30000001192092896 2.261333465576172 1.012967824935913 0.4393131732940674
92.5 20.43292999267578 0.30000001192092896 2.2658352851867676 1.0074470043182373 0.43439793586730957
93 20.538549423217773 0.30000001192092896 2.270148277282715 1.0019519329071045 0.42947080731391907
93.5 20.644445419311523 0.30000001192092896 2.274273633956909 0.9964832663536072 0.42453184723854065
94 20.75062370300293 0.30000001192092896 2.278212308883667 0.9910415410995483 0.41958093643188477
94.5 20.85708999633789 0.30000001192092896 2.281965494155884 0.9856272339820862 0.4146178364753723
95 20.963851928710938 0.30000001192092896 2.285534620285034 0.9802407622337341 0.40964221954345703
95.5 21.070913314819336 0.30000001192092896 2.2889208793640137 0.9748826622962952 0.40465420484542847
96 21.178281784057617 0.30000001192092896 2.2921254634857178 0.9695532917976379 0.3996534049510956
96.5 21.285961151123047 0.30000001192092896 2.295149803161621 0.9642530083656311 0.3946397006511688
97 21.393959045410156 0.30000001192092896 2.2979955673217773 0.9589821100234985 0.3896131217479706
97.5 21.502283096313477 0.30000001192092896 2.300663948059082 0.9537409543991089 0.3845731317996979
98 21.610937118530273 0.30000001192092896 2.303156614303589 0.9485297799110413 0.37951985001564026
98.5 21.719928741455078 0.30000001192092896 2.3054749965667725 0.9433488249778748 0.3744529187679291
99 21.82926368713379 0.30000001192092896 2.3076205253601074 0.9381982684135437 0.3693722188472748
99.5 21.938947677612305 0.30000001192092896 2.3095948696136475 0.9330782890319824 0.36427754163742065
100 22.048988342285156 0.30000001192092896 2.3113996982574463 0.9279890656471252 0.35916876792907715
100.5 22.159391403198242 0.30000001192092896 2.3130366802215576 0.9229306578636169 0.3540456295013428
101 22.270164489746094 0.30000001192092896 2.314507484436035 0.9179031252861023 0.3489079475402832
101.5 22.38131332397461 0.30000001192092896 2.3158137798309326 0.9129065871238708 0.34375545382499695
102 22.49284553527832 0.30000001192092896 2.3169572353363037 0.9079410433769226 0.3385881185531616
102.5 22.604766845703125 0.30000001192092896 2.3179397583007812 0.9030064940452576 0.3334055542945862
103 22.717084884643555 0.30000001192092896 2.318763017654419 0.8981029391288757 0.32820773124694824
103.5 22.829805374145508 0.30000001192092896 2.3194286823272705 0.8932302594184875 0.32299426198005676
104 22.942935943603516 0.30000001192092896 2.3199384212493896 0.888388454914093 0.31776511669158936
104.5 23.05648422241211 0.30000001192092896 2.320294141769409 0.8835774064064026 0.3125198483467102
105 23.170455932617188 0.30000001192092896 2.320497751235962 0.8787969946861267 0.3072584271430969
105.5 23.28485870361328 0.30000001192092896 2.3205509185791016 0.8740471005439758 0.3019806146621704
106 23.399700164794922 0.30000001192092896 2.320455551147461 0.8693275451660156 0.2966861426830292
106.5 23.51498794555664 0.30000001192092896 2.3202133178710938 0.8646381497383118 0.2913747727870941
107 23.63072967529297 0.30000001192092896 2.319826126098633 0.8599787354469299 0.28604620695114136
107.5 23.746932983398438 0.30000001192092896 2.319295883178711 0.8553491234779358 0.28070035576820374
108 23.863603591918945 0.30000001192092896 2.318624258041382 0.8507490158081055 0.275336891412735
108.5 23.980751037597656 0.30000001192092896 2.3178133964538574 0.8461782336235046 0.2699555456638336
109 24.0983829498291 0.30000001192092896 2.3168647289276123 0.8416364789009094 0.2645561397075653
109.5 24.216506958007812 0.30000001192092896 2.3157804012298584 0.837123453617096 0.2591383159160614
110 24.33513069152832 0.30000001192092896 2.3145620822906494 0.8326388597488403 0.25370198488235474
110.5 24.454261779785156 0.30000001192092896 2.313211679458618 0.8281823992729187 0.2482466846704483
111 24.57390785217285 0.30000001192092896 2.3117308616638184 0.8237537145614624 0.24277235567569733
111.5 24.69407844543457 0.30000001192092896 2.310121536254883 0.8193525075912476 0.23727864027023315
112 24.814781188964844 0.30000001192092896 2.3083856105804443 0.8149784207344055 0.23176531493663788
112.5 24.936025619506836 0.30000001192092896 2.3065247535705566 0.8106310963630676 0.22623205184936523
113 25.057819366455078 0.30000001192092896 2.3045406341552734 0.8063101172447205 0.22067858278751373
113.5 25.1801700592041 0.30000001192092896 2.3024351596832275 0.8020151257514954 0.21510453522205353
114 25.303089141845703 0.30000001192092896 2.3002102375030518 0.7977457642555237 0.20950989425182343
114.5 25.42658233642578 0.30000001192092896 2.2978675365448 0.7935015559196472 0.20389406383037567
115 25.550661087036133 0.30000001192092896 2.2954087257385254 0.7892821431159973 0.19825690984725952
115.5 25.67533302307129 0.30000001192092896 2.2928354740142822 0.7850870490074158 0.1925981193780899
116 25.800607681274414 0.30000001192092896 2.290149688720703 0.7809158563613892 0.18691739439964294
116.5 25.926494598388672 0.30000001192092896 2.287353038787842 0.776768147945404 0.18121445178985596
117 26.053003311157227 0.30000001192092896 2.284447193145752 0.7726434469223022 0.17548887431621552
117.5 26.180143356323242 0.30000001192092896 2.281433582305908 0.7685412764549255 0.1697404384613037
118 26.307924270629883 0.30000001192092896 2.2783141136169434 0.7644611597061157 0.1639687418937683
118.5 26.436355590820312 0.30000001192092896 2.275090456008911 0.7604026794433594 0.158173605799675
119 26.565448760986328 0.30000001192092896 2.2717642784118652 0.7563652992248535 0.15235458314418793
119.5 26.69521141052246 0.30000001192092896 2.2683370113372803 0.7523485422134399 0.14651130139827728
120 26.825654983520508 0.30000001192092896 2.26481032371521 0.7483519315719604 0.14064350724220276
120.5 26.956790924072266 0.30000001192092896 2.261185884475708 0.7443749904632568 0.13475093245506287
121 27.0886287689209 0.30000001192092896 2.257465124130249 0.7404171824455261 0.1288331300020218
121.5 27.221179962158203 0.30000001192092896 2.2536494731903076 0.7364779710769653 0.12288964539766312
122 27.354454040527344 0.30000001192092896 2.2497406005859375 0.7325568795204163 0.11692023277282715
122.5 27.488462448120117 0.30000001192092896 2.2457401752471924 0.7286533713340759 0.11092453449964523
123 27.62321662902832 0.30000001192092896 2.2416493892669678 0.7247669100761414 0.10490220785140991
123.5 27.75872802734375 0.30000001192092896 2.2374699115753174 0.7208969593048096 0.09885275363922119
124 27.895008087158203 0.30000001192092896 2.2332029342651367 0.7170430421829224 0.0927758514881134
124.5 28.032068252563477 0.30000001192092896 2.2288501262664795 0.713204562664032 0.08667121082544327
125 28.169919967651367 0.30000001192092896 2.224412679672241 0.7093810439109802 0.08053824305534363
125.5 28.308576583862305 0.30000001192092896 2.2198922634124756 0.7055718898773193 0.07437685877084732
126 28.448049545288086 0.30000001192092896 2.215290069580078 0.7017765641212463 0.06818634271621704
126.5 28.588350296020508 0.30000001192092896 2.2106072902679443 0.6979945302009583 0.06196640431880951
127 28.7294921875 0.30000001192092896 2.205845355987549 0.6942251920700073 0.05571667104959488
127.5 28.871488571166992 0.30000001192092896 2.201005697250366 0.6904680728912354 0.04943670704960823
128 29.014352798461914 0.30000001192092896 2.196089506149292 0.6867225766181946 0.04312589764595032
128.5 29.158096313476562 0.30000001192092896 2.1910979747772217 0.682988166809082 0.03678407147526741
129 29.302734375 0.30000001192092896 2.186032295227051 0.67926424741745 0.030410680919885635
129.5 29.448278427124023 0.30000001192092896 2.180893659591675 0.6755502820014954 0.024005290120840073
130 29.594743728637695 0.30000001192092896 2.1756834983825684 0.6718456745147705 0.01756739616394043
130.5 29.742143630981445 0.30000001192092896 2.170402765274048 0.6681498885154724 0.01109662652015686
131 29.890493392944336 0.30000001192092896 2.165052652359009 0.6644623279571533 0.004592441953718662
131.5 30.039806365966797 0 2.1596343517303467 0.6607823967933655 0.00009999999747378752
132 30.039791107177734 0 2.154148817062378 0.6571402549743652 0.00009999999747378752
132.5 30.039775848388672 0 2.1485981941223145 0.6536025404930115 0.00009999999747378752
133 30.03976058959961 0 2.142986297607422 0.6501669883728027 0.00009999999747378752
133.5 30.039745330810547 0 2.137316942214966 0.6468312740325928 0.00009999999747378752
134 30.039730072021484 0 2.131593704223633 0.6435932517051697 0.00009999999747378752
134.5 30.039714813232422 0 2.1258201599121094 0.6404507756233215 0.00009999999747378752
135 30.03969955444336 0 2.119999885559082 0.6374016404151917 0.00009999999747378752
135.5 30.039684295654297 0 2.114135980606079 0.6344438195228577 0.00009999999747378752
136 30.039669036865234 0 2.108231782913208 0.6315752863883972 0.00009999999747378752
136.5 30.039653778076172 0 2.102290630340576 0.6287939548492432 0.00009999999747378752
137 30.03963851928711 0 2.096315383911133 0.6260979175567627 0.00009999999747378752
137.5 30.039623260498047 0 2.090308904647827 0.6234852075576782 0.00009999999747378752
138 30.039608001708984 0 2.0842742919921875 0.6209539175033569 0.00009999999747378752
138.5 30.039592742919922 0 2.078214168548584 0.6185021996498108 0.00009999999747378752
139 30.03957748413086 0 2.0721311569213867 0.6161282658576965 0.00009999999747378752
139.5 30.039562225341797 0 2.066027879714966 0.6138302683830261 0.00009999999747378752
140 30.039546966552734 0 2.0599069595336914 0.6116064786911011 0.00009999999747378752
140.5 30.039531707763672 0 2.0537705421447754 0.6094552278518677 0.00009999999747378752
141 30.03951644897461 0 2.047621250152588 0.6073747277259827 0.00009999999747378752
141.5 30.039501190185547 0 2.041461229324341 0.6053634285926819 0.00009999999747378752
142 30.039485931396484 0 2.035292863845825 0.6034196615219116 0.00009999999747378752
142.5 30.039470672607422 0 2.029118061065674 0.6015418767929077 0.00009999999747378752
143 30.03945541381836 0 2.0229387283325195 0.5997284650802612 0.00009999999747378752
143.5 30.039440155029297 0 2.016757011413574 0.5979779362678528 0.00009999999747378752
144 30.039424896240234 0 2.0105748176574707 0.596288800239563 0.00009999999747378752
144.5 30.039409637451172 0 2.004394054412842 0.5946596264839172 0.00009999999747378752
145 30.03939437866211 0 1.9982163906097412 0.5930889844894409 0.00009999999747378752
145.5 30.039379119873047 0 1.9920434951782227 0.5915755033493042 0.00009999999747378752
146 30.039363861083984 0 1.9858770370483398 0.5901177525520325 0.00009999999747378752
146.5 30.039348602294922 0 1.979718565940857 0.5887144207954407 0.00009999999747378752
147 30.03933334350586 0 1.973569631576538 0.5873641967773438 0.00009999999747378752
147.5 30.039318084716797 0 1.967431664466858 0.5860658288002014 0.00009999999747378752
148 30.039302825927734 0 1.961306095123291 0.5848180651664734 0.00009999999747378752
148.5 30.039287567138672 0 1.9551942348480225 0.5836196541786194 0.00009999999747378752
149 30.03927230834961 0 1.9490973949432373 0.5824694037437439 0.00009999999747378752
149.5 30.039257049560547 0 1.9430168867111206 0.5813661813735962 0.00009999999747378752
150 30.039241790771484 0 1.9369537830352783 0.5803087949752808 0.00009999999747378752
150.5 30.039226531982422 0 1.930909276008606 0.5792961120605469 0.00009999999747378752
151 30.03921127319336 0 1.924884557723999 0.5783270597457886 0.00009999999747378752
151.5 30.039196014404297 0 1.918880581855774 0.5774005651473999 0.00009999999747378752
152 30.039180755615234 0 1.912898302078247 0.5765155553817749 0.00009999999747378752
152.5 30.039165496826172 0 1.9069387912750244 0.5756710171699524 0.00009999999747378752
153 30.03915023803711 0 1.9010030031204224 0.574865996837616 0.00009999999747378752
153.5 30.039134979248047 0 1.8950917720794678 0.5740994215011597 0.00009999999747378752
154 30.039119720458984 0 1.8892059326171875 0.5733703970909119 0.00009999999747378752
154.5 30.039104461669922 0 1.8833461999893188 0.5726779699325562 0.00009999999747378752
155 30.03908920288086 0 1.8775134086608887 0.5720212459564209 0.00009999999747378752
155.5 30.039073944091797 0 1.8717083930969238 0.5713992714881897 0.00009999999747378752
156 30.039058685302734 0 1.865931749343872 0.5708112120628357 0.00009999999747378752
156.5 30.039043426513672 0 1.8601841926574707 0.5702561736106873 0.00009999999747378752
157 30.03902816772461 0 1.8544663190841675 0.5697333216667175 0.00009999999747378752
157.5 30.039012908935547 0 1.8487787246704102 0.5692418813705444 0.00009999999747378752
158 30.038997650146484 0 1.8431220054626465 0.5687810182571411 0.00009999999747378752
158.5 30.038982391357422 0 1.8374966382980347 0.5683499574661255 0.00009999999747378752
159 30.03896713256836 0 1.8319032192230225 0.5679479241371155 0.00009999999747378752
159.5 30.038951873779297 0 1.826342225074768 0.5675742030143738 0.00009999999747378752
160 30.038936614990234 0 1.8208141326904297 0.5672280192375183 0.00009999999747378752
160.5 30.038921356201172 0 1.815319299697876 0.5669086575508118 0.00009999999747378752
161 30.03890609741211 0 1.8098580837249756 0.5666154623031616 0.00009999999747378752
161.5 30.038890838623047 0 1.8044309616088867 0.5663477182388306 0.00009999999747378752
162 30.038875579833984 0 1.799038290977478 0.5661047697067261 0.00009999999747378752
162.5 30.038860321044922 0 1.7936804294586182 0.5658859610557556 0.00009999999747378752
163 30.03884506225586 0 1.7883576154708862 0.5656906366348267 0.00009999999747378752
163.5 30.038829803466797 0 1.7830702066421509 0.5655181407928467 0.00009999999747378752
164 30.038814544677734 0 1.7778184413909912 0.5653679370880127 0.00009999999747378752
164.5 30.038799285888672 0 1.7726025581359863 0.5652393698692322 0.00009999999747378752
165 30.03878402709961 0 1.7674227952957153 0.5651319026947021 0.00009999999747378752
165.5 30.038768768310547 0 1.7622793912887573 0.5650449395179749 0.00009999999747378752
166 30.038753509521484 0 1.7571725845336914 0.5649779438972473 0.00009999999747378752
166.5 30.038738250732422 0 1.7521024942398071 0.5649303793907166 0.00009999999747378752
167 30.03872299194336 0 1.747069239616394 0.5649016499519348 0.00009999999747378752
167.5 30.038707733154297 0 1.7420730590820312 0.5648912787437439 0.00009999999747378752
168 30.038692474365234 0 1.7371139526367188 0.5648987889289856 0.00009999999747378752
168.5 30.038677215576172 0 1.7321921586990356 0.5649236440658569 0.00009999999747378752
169 30.03866195678711 0 1.7273077964782715 0.5649653673171997 0.00009999999747378752
169.5 30.038646697998047 0 1.7224608659744263 0.5650234818458557 0.00009999999747378752
170 30.038631439208984 0 1.7176514863967896 0.5650975108146667 0.00009999999747378752
170.5 30.038616180419922 0 1.7128796577453613 0.5651870369911194 0.00009999999747378752
171 30.03860092163086 0 1.7081454992294312 0.5652915835380554 0.00009999999747378752
171.5 30.038585662841797 0 1.703449010848999 0.5654107332229614 0.00009999999747378752
172 30.038570404052734 0 1.698790192604065 0.565544068813324 0.00009999999747378752
172.5 30.038555145263672 0 1.6941691637039185 0.5656911730766296 0.00009999999747378752
173 30.03853988647461 0 1.68958580493927 0.565851628780365 0.00009999999747378752
173.5 30.038524627685547 0 1.6850401163101196 0.5660250186920166 0.00009999999747378752
174 30.038509368896484 0 1.6805322170257568 0.5662109851837158 0.00009999999747378752
174.5 30.038494110107422 0 1.676061987876892 0.566409170627594 0.00009999999747378752
175 30.03847885131836 0 1.6716293096542358 0.5666191577911377 0.00009999999747378752
175.5 30.038463592529297 0 1.667234182357788 0.566840648651123 0.00009999999747378752
176 30.038448333740234 0 1.6628766059875488 0.5670732259750366 0.00009999999747378752
176.5 30.038433074951172 0 1.658556580543518 0.5673165917396545 0.00009999999747378752
177 30.03841781616211 0 1.6542738676071167 0.5675703883171082 0.00009999999747378752
177.5 30.038402557373047 0 1.6500284671783447 0.5678342580795288 0.00009999999747378752
178 30.038387298583984 0 1.6458202600479126 0.5681079626083374 0.00009999999747378752
178.5 30.038372039794922 0 1.6416492462158203 0.5683910846710205 0.00009999999747378752
179 30.03835678100586 0 1.6375153064727783 0.568683385848999 0.00009999999747378752
179.5 30.038341522216797 0 1.6334182024002075 0.5689845681190491 0.00009999999747378752
180 30.038326263427734 0 1.629357933998108 0.5692943334579468 0.00009999999747378752
180.5 30.038311004638672 0 1.62533438205719 0.5696123838424683 0.00009999999747378752
181 30.03829574584961 0 1.621347427368164 0.5699384212493896 0.00009999999747378752
181.5 30.038280487060547 0 1.6173969507217407 0.5702721476554871 0.00009999999747378752
182 30.038265228271484 0 1.6134827136993408 0.5706133246421814 0.00009999999747378752
182.5 30.038249969482422 0 1.6096047163009644 0.5709617137908936 0.00009999999747378752
183 30.03823471069336 0 1.6057627201080322 0.5713170766830444 0.00009999999747378752
183.5 30.038219451904297 0 1.6019566059112549 0.5716791152954102 0.00009999999747378752
184 30.038204193115234 0 1.5981862545013428 0.5720475912094116 0.00009999999747378752
184.5 30.038188934326172 0 1.5944514274597168 0.5724222660064697 0.00009999999747378752
185 30.03817367553711 0 1.5907520055770874 0.5728029012680054 0.00009999999747378752
185.5 30.038158416748047 0 1.587087869644165 0.5731893181800842 0.00009999999747378752
186 30.038143157958984 0 1.5834587812423706 0.5735812783241272 0.00009999999747378752
186.5 30.038127899169922 0 1.5798646211624146 0.5739785432815552 0.00009999999747378752
187 30.03811264038086 0 1.5763051509857178 0.5743808746337891 0.00009999999747378752
187.5 30.038097381591797 0 1.5727802515029907 0.5747880935668945 0.00009999999747378752
188 30.038082122802734 0 1.5692896842956543 0.5752000212669373 0.00009999999747378752
188.5 30.038066864013672 0 1.565833330154419 0.5756164193153381 0.00009999999747378752
189 30.03805160522461 0 1.5624109506607056 0.5760371088981628 0.00009999999747378752
189.5 30.038036346435547 0 1.559022307395935 0.576461911201477 0.00009999999747378752
190 30.038021087646484 0 1.5556672811508179 0.5768905878067017 0.00009999999747378752
190.5 30.038005828857422 0 1.5523457527160645 0.5773230195045471 0.00009999999747378752
191 30.03799057006836 0 1.5490573644638062 0.5777590274810791 0.00009999999747378752
191.5 30.037975311279297 0 1.5458019971847534 0.5781984329223633 0.00009999999747378752
192 30.037960052490234 0 1.5425795316696167 0.5786410570144653 0.00009999999747378752
192.5 30.037944793701172 0 1.5393896102905273 0.5790867209434509 0.00009999999747378752
193 30.03792953491211 0 1.5362321138381958 0.5795352458953857 0.00009999999747378752
193.5 30.037914276123047 0 1.5331069231033325 0.5799865126609802 0.00009999999747378752
194 30.037899017333984 0 1.5300136804580688 0.5804404020309448 0.00009999999747378752
194.5 30.037883758544922 0 1.5269522666931152 0.5808966755867004 0.00009999999747378752
195 30.03786849975586 0 1.5239224433898926 0.5813552737236023 0.00009999999747378752
195.5 30.037853240966797 0 1.5209239721298218 0.5818160176277161 0.00009999999747378752
196 30.037837982177734 0 1.5179567337036133 0.5822787880897522 0.00009999999747378752
196.5 30.037822723388672 0 1.515020489692688 0.5827434062957764 0.00009999999747378752
197 30.03780746459961 0 1.5121148824691772 0.583209753036499 0.00009999999747378752
197.5 30.037792205810547 0 1.509239912033081 0.5836777091026306 0.00009999999747378752
198 30.037776947021484 0 1.5063952207565308 0.5841471552848816 0.00009999999747378752
198.5 30.037761688232422 0 1.5035806894302368 0.5846179723739624 0.00009999999747378752
199 30.03774642944336 0 1.5007959604263306 0.5850899815559387 0.00009999999747378752
199.5 30.037731170654297 0 1.4980409145355225 0.5855631232261658 0.00009999999747378752
200 30.037715911865234 0 1.4953153133392334 0.586037278175354 0.00009999999747378752
200.5 30.037700653076172 0 1.4926190376281738 0.5865123271942139 0.00009999999747378752
201 30.03768539428711 0 1.489951729774475 0.5869881510734558 0.00009999999747378752
201.5 30.037670135498047 0 1.4873132705688477 0.5874646902084351 0.00009999999747378752
202 30.037654876708984 0 1.4847034215927124 0.5879417657852173 0.00009999999747378752
202.5 30.037639617919922 0 1.4821219444274902 0.5884193181991577 0.00009999999747378752
203 30.03762435913086 0 1.479568600654602 0.5888972282409668 0.00009999999747378752
203.5 30.037609100341797 0 1.4770432710647583 0.5893754363059998 0.00009999999747378752
204 30.037593841552734 0 1.4745455980300903 0.589853823184967 0.00009999999747378752
204.5 30.037578582763672 0 1.4720754623413086 0.5903323292732239 0.00009999999747378752
205 30.03756332397461 0 1.469632625579834 0.5908108353614807 0.00009999999747378752
205.5 30.037548065185547 0 1.4672168493270874 0.591289222240448 0.00009999999747378752
206 30.037532806396484 0 1.4648278951644897 0.5917674899101257 0.00009999999747378752
206.5 30.037517547607422 0 1.4624656438827515 0.5922454595565796 0.00009999999747378752
207 30.03750228881836 0 1.4601298570632935 0.5927231311798096 0.00009999999747378752
207.5 30.037487030029297 0 1.4578202962875366 0.5932003855705261 0.00009999999747378752
208 30.037471771240234 0 1.4555367231369019 0.5936771631240845 0.00009999999747378752
208.5 30.037456512451172 0 1.45327889919281 0.5941533446311951 0.00009999999747378752
209 30.03744125366211 0 1.4510465860366821 0.5946289300918579 0.00009999999747378752
209.5 30.037425994873047 0 1.4488396644592285 0.5951038002967834 0.00009999999747378752
210 30.037410736083984 0 1.4466578960418701 0.5955778956413269 0.00009999999747378752
210.5 30.037395477294922 0 1.4445010423660278 0.5960511565208435 0.00009999999747378752
211 30.03738021850586 0 1.442368984222412 0.5965235233306885 0.00009999999747378752
211.5 30.037364959716797 0 1.4402613639831543 0.5969948768615723 0.00009999999747378752
212 30.037349700927734 0 1.4381780624389648 0.5974652171134949 0.00009999999747378752
212.5 30.037334442138672 0 1.4361188411712646 0.5979344844818115 0.00009999999747378752
213 30.03731918334961 0 1.4340835809707642 0.5984026193618774 0.00009999999747378752
213.5 30.037303924560547 0 1.4320719242095947 0.5988695025444031 0.00009999999747378752
214 30.037288665771484 0 1.4300837516784668 0.5993351340293884 0.00009999999747378752
214.5 30.037273406982422 0 1.4281188249588013 0.5997994542121887 0.00009999999747378752
215 30.03725814819336 0 1.4261770248413086 0.6002624034881592 0.00009999999747378752
215.5 30.037242889404297 0 1.4242581129074097 0.6007239818572998 0.00009999999747378752
216 30.037227630615234 0 1.4223618507385254 0.601184070110321 0.00009999999747378752
216.5 30.037212371826172 0 1.4204879999160767 0.6016426682472229 0.00009999999747378752
217 30.03719711303711 0 1.4186363220214844 0.6020997166633606 0.00009999999747378752
217.5 30.037181854248047 0 1.416806697845459 0.6025551557540894 0.00009999999747378752
218 30.037166595458984 0 1.414999008178711 0.6030089259147644 0.00009999999747378752
218.5 30.037151336669922 0 1.4132128953933716 0.6034610271453857 0.00009999999747378752
219 30.03713607788086 0 1.4114482402801514 0.6039113998413086 0.00009999999747378752
219.5 30.037120819091797 0 1.4097048044204712 0.6043599843978882 0.00009999999747378752
220 30.037105560302734 0 1.4079824686050415 0.6048067808151245 0.00009999999747378752
220.5 30.037090301513672 0 1.4062809944152832 0.6052517294883728 0.00009999999747378752
221 30.03707504272461 0 1.4046001434326172 0.6056948304176331 0.00009999999747378752
221.5 30.037059783935547 0 1.402939796447754 0.6061360239982605 0.00009999999747378752
222 30.037044525146484 0 1.4012997150421143 0.6065752506256104 0.00009999999747378752
222.5 30.037029266357422 0 1.3996797800064087 0.6070125102996826 0.00009999999747378752
223 30.03701400756836 0 1.3980796337127686 0.6074477434158325 0.00009999999747378752
223.5 30.036998748779297 0 1.3964992761611938 0.6078809499740601 0.00009999999747378752
224 30.036983489990234 0 1.394938349723816 0.6083120703697205 0.00009999999747378752
224.5 30.036968231201172 0 1.3933968544006348 0.6087411046028137 0.00009999999747378752
225 30.03695297241211 0 1.3918744325637817 0.6091680526733398 0.00009999999747378752
225.5 30.036937713623047 0 1.3903709650039673 0.609592854976654 0.00009999999747378752
226 30.036922454833984 0 1.3888863325119019 0.6100154519081116 0.00009999999747378752
226.5 30.036907196044922 0 1.3874202966690063 0.6104358434677124 0.00009999999747378752
227 30.03689193725586 0 1.3859726190567017 0.6108540296554565 0.00009999999747378752
227.5 30.036876678466797 0 1.3845431804656982 0.611270010471344 0.00009999999747378752
228 30.036861419677734 0 1.3831318616867065 0.61168372631073 0.00009999999747378752
228.5 30.036846160888672 0 1.3817384243011475 0.6120951175689697 0.00009999999747378752
229 30.03683090209961 0 1.380362629890442 0.612504243850708 0.00009999999747378752
229.5 30.036815643310547 0 1.3790043592453003 0.6129110455513 0.00009999999747378752
230 30.036800384521484 0 1.377663493156433 0.6133155226707458 0.00009999999747378752
230.5 30.036785125732422 0 1.3763397932052612 0.6137176156044006 0.00009999999747378752
231 30.03676986694336 0 1.3750330209732056 0.6141173243522644 0.00009999999747378752
231.5 30.036754608154297 0 1.3737431764602661 0.6145146489143372 0.00009999999747378752
232 30.036739349365234 0 1.3724699020385742 0.6149095892906189 0.00009999999747378752
232.5 30.036724090576172 0 1.3712131977081299 0.6153021454811096 0.00009999999747378752
233 30.03670883178711 0 1.369972825050354 0.6156922578811646 0.00009999999747378752
233.5 30.036693572998047 0 1.3687485456466675 0.6160799264907837 0.00009999999747378752
234 30.036678314208984 0 1.3675402402877808 0.616465151309967 0.00009999999747378752
234.5 30.036663055419922 0 1.3663477897644043 0.6168479323387146 0.00009999999747378752
235 30.03664779663086 0 1.3651710748672485 0.6172282099723816 0.00009999999747378752
235.5 30.036632537841797 0 1.3640098571777344 0.617605984210968 0.00009999999747378752
236 30.036617279052734 0 1.3628638982772827 0.6179813146591187 0.00009999999747378752
236.5 30.036602020263672 0 1.3617331981658936 0.6183541417121887 0.00009999999747378752
237 30.03658676147461 0 1.3606175184249878 0.6187244653701782 0.00009999999747378752
237.5 30.036571502685547 0 1.3595166206359863 0.6190922260284424 0.00009999999747378752
238 30.036556243896484 0 1.3584305047988892 0.619457483291626 0.00009999999747378752
238.5 30.036540985107422 0 1.3573589324951172 0.619820237159729 0.00009999999747378752
239 30.03652572631836 0 1.3563017845153809 0.6201804280281067 0.00009999999747378752
239.5 30.036510467529297 0 1.355258822441101 0.6205381155014038 0.00009999999747378752
240 30.036495208740234 0 1.3542299270629883 0.6208932399749756 0.00009999999747378752
240.5 30.036479949951172 0 1.353214979171753 0.621245801448822 0.00009999999747378752
241 30.03646469116211 0 1.3522138595581055 0.6215958595275879 0.00009999999747378752
241.5 30.036449432373047 0 1.3512264490127563 0.6219433546066284 0.00009999999747378752
242 30.036434173583984 0 1.3502525091171265 0.6222882866859436 0.00009999999747378752
242.5 30.036418914794922 0 1.3492919206619263 0.6226306557655334 0.00009999999747378752
243 30.03640365600586 0 1.3483445644378662 0.622970461845398 0.00009999999747378752
243.5 30.036388397216797 0 1.3474102020263672 0.6233077049255371 0.00009999999747378752
244 30.036373138427734 0 1.3464888334274292 0.6236424446105957 0.00009999999747378752
244.5 30.036357879638672 0 1.3455802202224731 0.623974621295929 0.00009999999747378752
245 30.03634262084961 0 1.3446842432022095 0.6243042349815369 0.00009999999747378752
245.5 30.036327362060547 0 1.3438007831573486 0.6246312856674194 0.00009999999747378752
246 30.036312103271484 0 1.342929720878601 0.6249557733535767 0.00009999999747378752
246.5 30.036296844482422 0 1.3420708179473877 0.6252776980400085 0.00009999999747378752
247 30.03628158569336 0 1.3412240743637085 0.6255970597267151 0.00009999999747378752
247.5 30.036266326904297 0 1.3403892517089844 0.6259139180183411 0.00009999999747378752
248 30.036251068115234 0 1.3395662307739258 0.6262282133102417 0.00009999999747378752
248.5 30.036235809326172 0 1.3387548923492432 0.626539945602417 0.00009999999747378752
249 30.03622055053711 0 1.337955117225647 0.6268491744995117 0.00009999999747378752
249.5 30.036205291748047 0 1.3371667861938477 0.6271558403968811 0.00009999999747378752
250 30.036190032958984 0 1.3363897800445557 0.6274600028991699 0.00009999999747378752
250.5 30.036174774169922 0 1.3356239795684814 0.6277616620063782 0.00009999999747378752
251 30.03615951538086 0 1.334869146347046 0.6280607581138611 0.00009999999747378752
251.5 30.036144256591797 0 1.334125280380249 0.6283573508262634 0.00009999999747378752
252 30.036128997802734 0 1.3333922624588013 0.6286514401435852 0.00009999999747378752
252.5 30.036113739013672 0 1.3326698541641235 0.6289430260658264 0.00009999999747378752
253 30.03609848022461 0 1.3319580554962158 0.6292321085929871 0.00009999999747378752
253.5 30.036083221435547 0 1.331256628036499 0.6295186877250671 0.00009999999747378752
254 30.036067962646484 0 1.3305655717849731 0.6298028230667114 0.00009999999747378752
254.5 30.036052703857422 0 1.329884648323059 0.6300844550132751 0.00009999999747378752
255 30.03603744506836 0 1.3292137384414673 0.6303636431694031 0.00009999999747378752
255.5 30.036022186279297 0 1.3285528421401978 0.6306403279304504 0.00009999999747378752
256 30.036006927490234 0 1.3279017210006714 0.630914568901062 0.00009999999747378752
256.5 30.035991668701172 0 1.3272603750228882 0.6311863660812378 0.00009999999747378752
257 30.03597640991211 0 1.326628565788269 0.6314557194709778 0.00009999999747378752
257.5 30.035961151123047 0 1.326006293296814 0.6317226886749268 0.00009999999747378752
258 30.035945892333984 0 1.3253934383392334 0.6319872140884399 0.00009999999747378752
258.5 30.035930633544922 0 1.3247898817062378 0.6322492957115173 0.00009999999747378752
259 30.03591537475586 0 1.324195384979248 0.6325089931488037 0.00009999999747378752
259.5 30.035900115966797 0 1.3236099481582642 0.6327663064002991 0.00009999999747378752
260 30.035884857177734 0 1.3230334520339966 0.6330212354660034 0.00009999999747378752
260.5 30.035869598388672 0 1.3224657773971558 0.6332737803459167 0.00009999999747378752
261 30.03585433959961 0 1.3219068050384521 0.6335240006446838 0.00009999999747378752
261.5 30.035839080810547 0 1.3213565349578857 0.6337718367576599 0.00009999999747378752
262 30.035823822021484 0 1.3208147287368774 0.6340173482894897 0.00009999999747378752
262.5 30.035808563232422 0 1.3202813863754272 0.6342605352401733 0.00009999999747378752
263 30.03579330444336 0 1.319756269454956 0.6345013976097107 0.00009999999747378752
263.5 30.035778045654297 0 1.3192393779754639 0.6347399353981018 0.00009999999747378752
264 30.035762786865234 0 1.3187305927276611 0.6349761486053467 0.00009999999747378752
264.5 30.035747528076172 0 1.3182297945022583 0.6352100968360901 0.00009999999747378752
265 30.03573226928711 0 1.3177369832992554 0.635441780090332 0.00009999999747378752
265.5 30.035717010498047 0 1.3172519207000732 0.6356711983680725 0.00009999999747378752
266 30.035701751708984 0 1.316774606704712 0.6358983516693115 0.00009999999747378752
266.5 30.035686492919922 0 1.3163049221038818 0.6361232399940491 0.00009999999747378752
267 30.03567123413086 0 1.3158427476882935 0.6363459229469299 0.00009999999747378752
267.5 30.035655975341797 0 1.3153879642486572 0.6365663409233093 0.00009999999747378752
268 30.035640716552734 0 1.3149405717849731 0.636784553527832 0.00009999999747378752
268.5 30.035625457763672 0 1.314500331878662 0.6370006203651428 0.00009999999747378752
269 30.03561019897461 0 1.3140672445297241 0.6372144818305969 0.00009999999747378752
269.5 30.035594940185547 0 1.3136413097381592 0.6374261975288391 0.00009999999747378752
270 30.035579681396484 0 1.3132222890853882 0.6376357078552246 0.00009999999747378752
270.5 30.035564422607422 0 1.3128101825714111 0.6378430724143982 0.00009999999747378752
271 30.03554916381836 0 1.3124048709869385 0.6380482912063599 0.00009999999747378752
271.5 30.035533905029297 0 1.3120062351226807 0.6382514238357544 0.00009999999747378752
272 30.035518646240234 0 1.3116142749786377 0.638452410697937 0.00009999999747378752
272.5 30.035503387451172 0 1.3112287521362305 0.6386513113975525 0.00009999999747378752
273 30.03548812866211 0 1.3108497858047485 0.6388481259346008 0.00009999999747378752
273.5 30.035472869873047 0 1.3104771375656128 0.6390429139137268 0.00009999999747378752
274 30.035457611083984 0 1.3101108074188232 0.6392356157302856 0.00009999999747378752
274.5 30.035442352294922 0 1.3097506761550903 0.6394262909889221 0.00009999999747378752
275 30.03542709350586 0 1.3093966245651245 0.6396149396896362 0.00009999999747378752
275.5 30.035411834716797 0 1.3090486526489258 0.639801561832428 0.00009999999747378752
276 30.035396575927734 0 1.3087066411972046 0.6399861574172974 0.00009999999747378752
276.5 30.035381317138672 0 1.3083704710006714 0.6401687860488892 0.00009999999747378752
277 30.03536605834961 0 1.3080401420593262 0.6403494477272034 0.00009999999747378752
277.5 30.035350799560547 0 1.3077155351638794 0.64052814245224 0.00009999999747378752
278 30.035335540771484 0 1.3073965311050415 0.640704870223999 0.00009999999747378752
278.5 30.035320281982422 0 1.3070831298828125 0.6408796310424805 0.00009999999747378752
279 30.03530502319336 0 1.3067752122879028 0.6410524845123291 0.00009999999747378752
279.5 30.035289764404297 0 1.3064727783203125 0.6412234306335449 0.00009999999747378752
280 30.035274505615234 0 1.3061755895614624 0.6413924694061279 0.00009999999747378752
280.5 30.035259246826172 0 1.305883765220642 0.6415596604347229 0.00009999999747378752
281 30.03524398803711 0 1.3055970668792725 0.6417249441146851 0.00009999999747378752
281.5 30.035228729248047 0 1.3053154945373535 0.6418883800506592 0.00009999999747378752
282 30.035213470458984 0 1.3050390481948853 0.6420499682426453 0.00009999999747378752
282.5 30.035198211669922 0 1.3047676086425781 0.6422097086906433 0.00009999999747378752
283 30.03518295288086 0 1.3045010566711426 0.6423676609992981 0.00009999999747378752
283.5 30.035167694091797 0 1.3042393922805786 0.6425238251686096 0.00009999999747378752
284 30.035152435302734 0 1.3039824962615967 0.6426782011985779 0.00009999999747378752
284.5 30.035137176513672 0 1.3037303686141968 0.6428307890892029 0.00009999999747378752
285 30.03512191772461 0 1.3034828901290894 0.6429815888404846 0.00009999999747378752
285.5 30.035106658935547 0 1.3032400608062744 0.6431306600570679 0.00009999999747378752
286 30.035091400146484 0 1.3030017614364624 0.6432780027389526 0.00009999999747378752
286.5 30.035076141357422 0 1.3027678728103638 0.6434236168861389 0.00009999999747378752
287 30.03506088256836 0 1.3025383949279785 0.6435675024986267 0.00009999999747378752
287.5 30.035045623779297 0 1.302313208580017 0.6437097191810608 0.00009999999747378752
288 30.035030364990234 0 1.3020923137664795 0.6438502669334412 0.00009999999747378752
288.5 30.035015106201172 0 1.3018757104873657 0.6439891457557678 0.00009999999747378752
289 30.03499984741211 0 1.3016632795333862 0.6441263556480408 0.00009999999747378752
289.5 30.034984588623047 0 1.3014549016952515 0.6442619562149048 0.00009999999747378752
290 30.034969329833984 0 1.3012505769729614 0.6443958878517151 0.00009999999747378752
290.5 30.034954071044922 0 1.3010501861572266 0.6445282101631165 0.00009999999747378752
291 30.03493881225586 0 1.3008537292480469 0.6446589231491089 0.00009999999747378752
291.5 30.034923553466797 0 1.3006612062454224 0.6447880864143372 0.00009999999747378752
292 30.034908294677734 0 1.3004724979400635 0.6449156999588013 0.00009999999747378752
292.5 30.034893035888672 0 1.3002874851226807 0.6450417041778564 0.00009999999747378752
293 30.03487777709961 0 1.300106167793274 0.6451661586761475 0.00009999999747378752
293.5 30.034862518310547 0 1.2999285459518433 0.6452891230583191 0.00009999999747378752
294 30.034847259521484 0 1.2997545003890991 0.6454105377197266 0.00009999999747378752
294.5 30.034832000732422 0 1.2995840311050415 0.6455304622650146 0.00009999999747378752
295 30.03481674194336 0 1.2994170188903809 0.6456488966941833 0.00009999999747378752
295.5 30.034801483154297 0 1.2992534637451172 0.6457658410072327 0.00009999999747378752
296 30.034786224365234 0 1.299093246459961 0.6458813548088074 0.00009999999747378752
296.5 30.034770965576172 0 1.298936367034912 0.6459953784942627 0.00009999999747378752
297 30.03475570678711 0 1.2987828254699707 0.6461079716682434 0.00009999999747378752
297.5 30.034740447998047 0 1.2986325025558472 0.6462191343307495 0.00009999999747378752
298 30.034725189208984 0 1.2984853982925415 0.646328866481781 0.00009999999747378752
298.5 30.034709930419922 0 1.2983413934707642 0.6464372277259827 0.00009999999747378752
299 30.03469467163086 0 1.2982004880905151 0.6465442180633545 0.00009999999747378752
299.5 30.034679412841797 0 1.2980625629425049 0.6466498374938965 0.00009999999747378752
300 30.034664154052734 0 1.297927737236023 0.6467540860176086 0.00009999999747378752
300.5 30.034648895263672 0 1.2977957725524902 0.646856963634491 0.00009999999747378752
301 30.03463363647461 0 1.2976667881011963 0.6469585299491882 0.00009999999747378752
301.5 30.034618377685547 0 1.2975406646728516 0.6470587253570557 0.00009999999747378752
302 30.034603118896484 0 1.2974172830581665 0.647157609462738 0.00009999999747378752
302.5 30.034587860107422 0 1.2972967624664307 0.6472552418708801 0.00009999999747378752
303 30.03457260131836 0 1.297178864479065 0.6473515629768372 0.00009999999747378752
303.5 30.034557342529297 0 1.2970637083053589 0.6474466323852539 0.00009999999747378752
304 30.034542083740234 0 1.296951174736023 0.6475403904914856 0.00009999999747378752
304.5 30.034526824951172 0 1.2968412637710571 0.647632896900177 0.00009999999747378752
305 30.03451156616211 0 1.2967338562011719 0.6477242112159729 0.00009999999747378752
305.5 30.034496307373047 0 1.2966289520263672 0.6478142738342285 0.00009999999747378752
306 30.034481048583984 0 1.296526551246643 0.6479031443595886 0.00009999999747378752
306.5 30.034465789794922 0 1.2964266538619995 0.6479908227920532 0.00009999999747378752
307 30.03445053100586 0 1.296329140663147 0.6480773091316223 0.00009999999747378752
307.5 30.034435272216797 0 1.2962340116500854 0.6481626033782959 0.00009999999747378752
308 30.034420013427734 0 1.2961411476135254 0.648246705532074 0.00009999999747378752
308.5 30.034404754638672 0 1.2960505485534668 0.6483296751976013 0.00009999999747378752
309 30.03438949584961 0 1.2959622144699097 0.6484115123748779 0.00009999999747378752
309.5 30.034374237060547 0 1.295876145362854 0.6484922170639038 0.00009999999747378752
310 30.034358978271484 0 1.2957922220230103 0.648571789264679 0.00009999999747378752
310.5 30.034343719482422 0 1.2957104444503784 0.6486502885818481 0.00009999999747378752
311 30.03432846069336 0 1.295630693435669 0.6487276554107666 0.00009999999747378752
311.5 30.034313201904297 0 1.2955530881881714 0.6488039493560791 0.00009999999747378752
312 30.034297943115234 0 1.2954775094985962 0.6488791704177856 0.00009999999747378752
312.5 30.034282684326172 0 1.2954038381576538 0.6489533185958862 0.00009999999747378752
313 30.03426742553711 0 1.2953321933746338 0.6490264534950256 0.00009999999747378752
313.5 30.034252166748047 0 1.2952624559402466 0.6490985155105591 0.00009999999747378752
314 30.034236907958984 0 1.2951946258544922 0.6491695642471313 0.00009999999747378752
314.5 30.034221649169922 0 1.2951287031173706 0.6492395997047424 0.00009999999747378752
315 30.03420639038086 0 1.2950645685195923 0.6493086218833923 0.00009999999747378752
315.5 30.034191131591797 0 1.2950022220611572 0.649376630783081 0.00009999999747378752
316 30.034175872802734 0 1.2949416637420654 0.6494436860084534 0.00009999999747378752
316.5 30.034160614013672 0 1.2948827743530273 0.6495097279548645 0.00009999999747378752
317 30.03414535522461 0 1.2948256731033325 0.6495748162269592 0.00009999999747378752
317.5 30.034130096435547 0 1.2947702407836914 0.6496389508247375 0.00009999999747378752
318 30.034114837646484 0 1.294716477394104 0.6497021317481995 0.00009999999747378752
318.5 30.034099578857422 0 1.2946642637252808 0.6497644186019897 0.00009999999747378752
319 30.03408432006836 0 1.2946137189865112 0.6498257517814636 0.00009999999747378752
319.5 30.034069061279297 0 1.2945647239685059 0.6498861908912659 0.00009999999747378752
320 30.034053802490234 0 1.2945172786712646 0.6499457359313965 0.00009999999747378752
