0.5 0.15000000596046448 0.30000001192092896 0.2985793650150299 0.11140968650579453 1.403002142906189
1 0.2989477515220642 0.30000001192092896 0.2973058223724365 0.14357434213161469 1.3251738548278809
1.5 0.4469669759273529 0.30000001192092896 0.296424001455307 0.1741751879453659 1.321760654449463
2 0.5940130949020386 0.30000001192092896 0.29591214656829834 0.2043481469154358 1.3145641088485718
2.5 0.7401087284088135 0.30000001192092896 0.295762300491333 0.23404181003570557 1.3076062202453613
3 0.8852698802947998 0.30000001192092896 0.29596617817878723 0.2632654905319214 1.3006807565689087
3.5 1.029512643814087 0.30000001192092896 0.29651588201522827 0.29202505946159363 1.293801188468933
4 1.1728527545928955 0.30000001192092896 0.2974037826061249 0.3203262686729431 1.2869693040847778
4.5 1.3153055906295776 0.30000001192092896 0.2986225485801697 0.3481746017932892 1.2801871299743652
5 1.4568864107131958 0.30000001192092896 0.3001651465892792 0.37557533383369446 1.2734564542770386
5.5 1.5976099967956543 0.30000001192092896 0.30202481150627136 0.40253353118896484 1.266778826713562
6 1.7374908924102783 0.30000001192092896 0.3041950464248657 0.42905399203300476 1.260155200958252
6.5 1.876543402671814 0.30000001192092896 0.30666959285736084 0.4551413953304291 1.253587007522583
7 2.0147814750671387 0.30000001192092896 0.3094424307346344 0.48080021142959595 1.2470749616622925
7.5 2.1522185802459717 0.30000001192092896 0.3125077486038208 0.5060347318649292 1.2406195402145386
8 2.2888681888580322 0.30000001192092896 0.31585997343063354 0.530849039554596 1.2342215776443481
8.5 2.424743413925171 0.30000001192092896 0.31949374079704285 0.5552471280097961 1.2278809547424316
9 2.55985689163208 0.30000001192092896 0.32340386509895325 0.5792328715324402 1.221598505973816
9.5 2.694221258163452 0.30000001192092896 0.327585369348526 0.6028099656105042 1.2153737545013428
10 2.8278489112854004 0.30000001192092896 0.3320334255695343 0.6259820461273193 1.209206461906433
10.5 2.960751533508301 0.30000001192092896 0.33674341440200806 0.6487525105476379 1.203096866607666
11 3.0929412841796875 0.30000001192092896 0.3417108654975891 0.6711247563362122 1.1970446109771729
11.5 3.2244293689727783 0.30000001192092896 0.34693145751953125 0.6931020021438599 1.191049337387085
12 3.355226993560791 0.30000001192092896 0.3524010479450226 0.7146874666213989 1.1851099729537964
12.5 3.4853453636169434 0.30000001192092896 0.3581155836582184 0.7358841896057129 1.1792261600494385
13 3.614795207977295 0.30000001192092896 0.36407119035720825 0.7566952109336853 1.1733977794647217
13.5 3.7435872554779053 0.30000001192092896 0.37026408314704895 0.7771234512329102 1.1676236391067505
14 3.871731758117676 0.30000001192092896 0.37669065594673157 0.7971717715263367 1.1619025468826294
14.5 3.999238967895508 0.30000001192092896 0.38334736227989197 0.8168429136276245 1.1562339067459106
15 4.1261186599731445 0.30000001192092896 0.39023077487945557 0.8361396789550781 1.1506171226501465
15.5 4.252380847930908 0.30000001192092896 0.3973376154899597 0.8550646901130676 1.145051121711731
16 4.378035068511963 0.30000001192092896 0.40466463565826416 0.8736206293106079 1.1395341157913208
16.5 4.5030903816223145 0.30000001192092896 0.4122087359428406 0.8918100595474243 1.134065866470337
17 4.627556324005127 0.30000001192092896 0.4199669063091278 0.9096355438232422 1.1286449432373047
17.5 4.751441955566406 0.30000001192092896 0.4279361665248871 0.9270995855331421 1.1232699155807495
18 4.874756336212158 0.30000001192092896 0.4361136555671692 0.9442046284675598 1.1179403066635132
18.5 4.9975080490112305 0.30000001192092896 0.4444965422153473 0.9609531164169312 1.112654447555542
19 5.119705677032471 0.30000001192092896 0.4530821144580841 0.9773474931716919 1.1074109077453613
19.5 5.241357803344727 0.30000001192092896 0.46186769008636475 0.9933902025222778 1.1022089719772339
20 5.3624725341796875 0.30000001192092896 0.4708506166934967 1.0090835094451904 1.0970470905303955
20.5 5.483057975769043 0.30000001192092896 0.480028361082077 1.0244299173355103 1.0919244289398193
21 5.603122711181641 0.30000001192092896 0.48939839005470276 1.0394316911697388 1.086839199066162
21.5 5.722674369812012 0.30000001192092896 0.49895820021629333 1.054091215133667 1.081790566444397
22 5.8417205810546875 0.30000001192092896 0.5087053775787354 1.0684107542037964 1.0767771005630493
22.5 5.960269451141357 0.30000001192092896 0.518637478351593 1.0823925733566284 1.0717978477478027
23 6.078328609466553 0.30000001192092896 0.5287521481513977 1.096039056777954 1.0668511390686035
23.5 6.1959052085876465 0.30000001192092896 0.5390470027923584 1.1093525886535645 1.0619364976882935
24 6.31300687789917 0.30000001192092896 0.5495196580886841 1.122335433959961 1.0570518970489502
24.5 6.429640769958496 0.30000001192092896 0.5601678490638733 1.134989857673645 1.0521966218948364
25 6.545814514160156 0.30000001192092896 0.5709892511367798 1.1473181247711182 1.0473697185516357
25.5 6.661535263061523 0.30000001192092896 0.5819815397262573 1.1593226194381714 1.042569637298584
26 6.7768096923828125 0.30000001192092896 0.5931424498558044 1.1710057258605957 1.0377953052520752
26.5 6.8916449546813965 0.30000001192092896 0.6044696569442749 1.1823697090148926 1.0330458879470825
27 7.006048202514648 0.30000001192092896 0.6159608364105225 1.1934168338775635 1.0283203125
27.5 7.120026111602783 0.30000001192092896 0.6276136636734009 1.204149603843689 1.0236172676086426
28 7.233585357666016 0.30000001192092896 0.6394258141517639 1.2145702838897705 1.018936038017273
28.5 7.3467326164245605 0.30000001192092896 0.6513949632644653 1.2246812582015991 1.0142755508422852
29 7.459474563598633 0.30000001192092896 0.6635187268257141 1.2344850301742554 1.0096347332000732
29.5 7.571817874908447 0.30000001192092896 0.6757947206497192 1.2439838647842407 1.0050127506256104
30 7.683769226074219 0.30000001192092896 0.6882205009460449 1.2531802654266357 1.0004088878631592
30.5 7.795334815979004 0.30000001192092896 0.7007936835289001 1.2620766162872314 0.995821475982666
31 7.906520843505859 0.30000001192092896 0.7135118246078491 1.2706754207611084 0.9912505149841309
31.5 8.017333984375 0.30000001192092896 0.7263723611831665 1.2789790630340576 0.9866948127746582
32 8.12778091430664 0.30000001192092896 0.7393727898597717 1.2869901657104492 0.9821536540985107
32.5 8.23786735534668 0.30000001192092896 0.7525105476379395 1.2947111129760742 0.9776260852813721
33 8.347599983215332 0.30000001192092896 0.7657830119132996 1.3021445274353027 0.9731117486953735
33.5 8.456984519958496 0.30000001192092896 0.7791875004768372 1.3092930316925049 0.9686095118522644
34 8.56602668762207 0.30000001192092896 0.7927213311195374 1.3161591291427612 0.9641187191009521
34.5 8.67473316192627 0.30000001192092896 0.8063817024230957 1.322745442390442 0.9596390724182129
35 8.783109664916992 0.30000001192092896 0.8201658725738525 1.329054594039917 0.9551695585250854
35.5 8.891162872314453 0.30000001192092896 0.8340709805488586 1.3350893259048462 0.950709342956543
36 8.99889850616455 0.30000001192092896 0.84809410572052 1.3408522605895996 0.9462584853172302
36.5 9.106322288513184 0.30000001192092896 0.8622323274612427 1.3463460206985474 0.9418160319328308
37 9.21343994140625 0.30000001192092896 0.8764826059341431 1.3515734672546387 0.9373811483383179
37.5 9.320257186889648 0.30000001192092896 0.8908418416976929 1.3565373420715332 0.9329535961151123
38 9.426780700683594 0.30000001192092896 0.9053069949150085 1.3612403869628906 0.9285333156585693
38.5 9.533015251159668 0.30000001192092896 0.9198748469352722 1.3656854629516602 0.9241185188293457
39 9.638967514038086 0.30000001192092896 0.9345421195030212 1.3698753118515015 0.9197097420692444
39.5 9.74464225769043 0.30000001192092896 0.949305534362793 1.3738129138946533 0.915306568145752
40 9.850045204162598 0.30000001192092896 0.96416175365448 1.377501130104065 0.9109082221984863
40.5 9.955183029174805 0.30000001192092896 0.9791073203086853 1.3809428215026855 0.9065144062042236
41 10.060060501098633 0.30000001192092896 0.994138777256012 1.3841410875320435 0.9021246433258057
41.5 10.16468334197998 0.30000001192092896 1.009252667427063 1.387098789215088 0.897738516330719
42 10.269057273864746 0.30000001192092896 1.0244452953338623 1.3898189067840576 0.8933554887771606
42.5 10.373188018798828 0.30000001192092896 1.0397130250930786 1.392304539680481 0.8889758586883545
43 10.477080345153809 0.30000001192092896 1.0550521612167358 1.3945586681365967 0.8845983743667603
43.5 10.580739974975586 0.30000001192092896 1.0704588890075684 1.3965845108032227 0.8802235722541809
44 10.684172630310059 0.30000001192092896 1.0859293937683105 1.3983850479125977 0.8758504986763
44.5 10.787384033203125 0.30000001192092896 1.1014598608016968 1.3999634981155396 0.8714792132377625
45 10.890378952026367 0.30000001192092896 1.1170463562011719 1.4013229608535767 0.8671090602874756
45.5 10.993163108825684 0.30000001192092896 1.1326848268508911 1.4024666547775269 0.8627402782440186
46 11.095742225646973 0.30000001192092896 1.1483713388442993 1.403397798538208 0.8583719730377197
46.5 11.198121070861816 0.30000001192092896 1.1641017198562622 1.404119610786438 0.8540043234825134
47 11.300304412841797 0.30000001192092896 1.1798717975616455 1.4046353101730347 0.8496370911598206
47.5 11.402298927307129 0.30000001192092896 1.1956775188446045 1.4049482345581055 0.8452697992324829
48 11.504108428955078 0.30000001192092896 1.2115145921707153 1.4050616025924683 0.8409024477005005
48.5 11.60573959350586 0.30000001192092896 1.2273787260055542 1.4049787521362305 0.8365346193313599
49 11.707196235656738 0.30000001192092896 1.2432657480239868 1.4047030210494995 0.8321662545204163
49.5 11.80848503112793 0.30000001192092896 1.2591712474822998 1.4042377471923828 0.8277972340583801
50 11.9096097946167 0.30000001192092896 1.2750908136367798 1.4035863876342773 0.8234267830848694
50.5 12.010576248168945 0.30000001192092896 1.2910200357437134 1.402752161026001 0.8190553784370422
51 12.11138916015625 0.30000001192092896 1.3069545030593872 1.4017386436462402 0.8146826028823853
51.5 12.212054252624512 0.30000001192092896 1.322889804840088 1.4005491733551025 0.8103082776069641
52 12.312576293945312 0.30000001192092896 1.3388214111328125 1.3991870880126953 0.8059322834014893
52.5 12.41296100616455 0.30000001192092896 1.3547449111938477 1.397655963897705 0.8015540838241577
53 12.513213157653809 0.30000001192092896 1.3706556558609009 1.3959591388702393 0.7971740365028381
53.5 12.613337516784668 0.30000001192092896 1.3865492343902588 1.3941001892089844 0.7927917242050171
54 12.713338851928711 0.30000001192092896 1.402420997619629 1.3920824527740479 0.7884072661399841
54.5 12.813222885131836 0.30000001192092896 1.4182665348052979 1.3899095058441162 0.7840198874473572
55 12.912993431091309 0.30000001192092896 1.4340811967849731 1.3875848054885864 0.7796298861503601
55.5 13.012656211853027 0.30000001192092896 1.4498604536056519 1.385111689567566 0.7752372026443481
56 13.11221694946289 0.30000001192092896 1.4655998945236206 1.3824937343597412 0.7708418965339661
56.5 13.211679458618164 0.30000001192092896 1.481294870376587 1.3797343969345093 0.7664430141448975
57 13.311049461364746 0.30000001192092896 1.4969408512115479 1.3768372535705566 0.7620409727096558
57.5 13.410331726074219 0.30000001192092896 1.5125333070755005 1.3738056421279907 0.7576359510421753
58 13.509531021118164 0.30000001192092896 1.5280678272247314 1.370643138885498 0.7532269358634949
58.5 13.608652114868164 0.30000001192092896 1.5435398817062378 1.367353081703186 0.7488148212432861
59 13.707700729370117 0.30000001192092896 1.5589450597763062 1.3639389276504517 0.7443987131118774
59.5 13.806680679321289 0.30000001192092896 1.5742789506912231 1.3604042530059814 0.7399790287017822
60 13.905597686767578 0.30000001192092896 1.5895371437072754 1.3567523956298828 0.7355552911758423
60.5 14.00445556640625 0.30000001192092896 1.604715347290039 1.3529866933822632 0.7311272621154785
61 14.103260040283203 0.30000001192092896 1.6198091506958008 1.349110722541809 0.7266954183578491
61.5 14.20201587677002 0.30000001192092896 1.6348143815994263 1.3451277017593384 0.7222592234611511
62 14.300727844238281 0.30000001192092896 1.6497268676757812 1.341041088104248 0.7178183794021606
62.5 14.399401664733887 0.30000001192092896 1.664542317390442 1.3368542194366455 0.7133734226226807
63 14.498041152954102 0.30000001192092896 1.6792566776275635 1.3325704336166382 0.7089234590530396
63.5 14.596651077270508 0.30000001192092896 1.6938658952713013 1.3281930685043335 0.704468846321106
64 14.695236206054688 0.30000001192092896 1.7083660364151 1.3237253427505493 0.7000097036361694
64.5 14.793802261352539 0.30000001192092896 1.7227530479431152 1.3191704750061035 0.6955455541610718
65 14.892353057861328 0.30000001192092896 1.737023115158081 1.3145318031311035 0.6910762190818787
65.5 14.990894317626953 0.30000001192092896 1.7511725425720215 1.3098124265670776 0.6866019368171692
66 15.089430809020996 0.30000001192092896 1.765197515487671 1.3050155639648438 0.6821222305297852
66.5 15.187966346740723 0.30000001192092896 1.7790943384170532 1.3001443147659302 0.6776371002197266
67 15.286506652832031 0.30000001192092896 1.792859435081482 1.2952017784118652 0.6731467247009277
67.5 15.385056495666504 0.30000001192092896 1.80648934841156 1.2901910543441772 0.66865074634552
68 15.483620643615723 0.30000001192092896 1.8199806213378906 1.2851152420043945 0.664149284362793
68.5 15.58220386505127 0.30000001192092896 1.8333300352096558 1.2799772024154663 0.6596418619155884
69 15.680810928344727 0.30000001192092896 1.846534252166748 1.2747799158096313 0.6551288366317749
69.5 15.779446601867676 0.30000001192092896 1.8595900535583496 1.2695263624191284 0.6506093740463257
70 15.8781156539917 0.30000001192092896 1.8724944591522217 1.2642194032669067 0.6460842490196228
70.5 15.976822853088379 0.30000001192092896 1.8852444887161255 1.2588618993759155 0.6415528059005737
71 16.075572967529297 0.30000001192092896 1.8978372812271118 1.2534565925598145 0.637015163898468
71.5 16.17437171936035 0.30000001192092896 1.9102699756622314 1.2480062246322632 0.6324709057807922
72 16.273221969604492 0.30000001192092896 1.9225399494171143 1.2425135374069214 0.6279204487800598
72.5 16.37213134765625 0.30000001192092896 1.9346445798873901 1.2369811534881592 0.6233636736869812
73 16.471101760864258 0.30000001192092896 1.9465813636779785 1.2314116954803467 0.6187996864318848
73.5 16.570140838623047 0.30000001192092896 1.9583479166030884 1.2258076667785645 0.6142292618751526
74 16.669252395629883 0.30000001192092896 1.9699419736862183 1.2201716899871826 0.609652042388916
74.5 16.76844024658203 0.30000001192092896 1.9813612699508667 1.2145061492919922 0.6050674319267273
75 16.86771011352539 0.30000001192092896 1.9926037788391113 1.2088135480880737 0.6004758477210999
75.5 16.96706771850586 0.30000001192092896 2.0036675930023193 1.2030961513519287 0.5958769917488098
76 17.066516876220703 0.30000001192092896 2.0145506858825684 1.1973563432693481 0.5912712216377258
76.5 17.166061401367188 0.30000001192092896 2.0252511501312256 1.1915963888168335 0.5866575241088867
77 17.265708923339844 0.30000001192092896 2.0357675552368164 1.1858184337615967 0.5820364356040955
77.5 17.365463256835938 0.30000001192092896 2.046098232269287 1.1800247430801392 0.5774078369140625
78 17.465328216552734 0.30000001192092896 2.056241750717163 1.1742173433303833 0.5727714896202087
78.5 17.565309524536133 0.30000001192092896 2.0661966800689697 1.168398380279541 0.5681272745132446
79 17.66541290283203 0.30000001192092896 2.0759618282318115 1.1625697612762451 0.5634748339653015
79.5 17.765642166137695 0.30000001192092896 2.085535764694214 1.1567333936691284 0.5588145852088928
80 17.866003036499023 0.30000001192092896 2.0949177742004395 1.1508913040161133 0.5541459321975708
80.5 17.966501235961914 0.30000001192092896 2.1041066646575928 1.145045280456543 0.5494691729545593
81 18.067140579223633 0.30000001192092896 2.1131017208099365 1.1391971111297607 0.5447837114334106
81.5 18.167926788330078 0.30000001192092896 2.1219019889831543 1.1333485841751099 0.5400899648666382
82 18.26886558532715 0.30000001192092896 2.130506992340088 1.127501368522644 0.5353869795799255
82.5 18.36996078491211 0.30000001192092896 2.138916015625 1.1216570138931274 0.5306757688522339
83 18.47121810913086 0.30000001192092896 2.1471285820007324 1.1158171892166138 0.5259554982185364
83.5 18.572643280029297 0.30000001192092896 2.155144214630127 1.1099833250045776 0.521226167678833
84 18.674240112304688 0.30000001192092896 2.1629626750946045 1.1041569709777832 0.5164871215820312
84.5 18.77601432800293 0.30000001192092896 2.170583963394165 1.098339557647705 0.5117396116256714
85 18.877971649169922 0.30000001192092896 2.1780076026916504 1.0925325155258179 0.506982147693634
85.5 18.980117797851562 0.30000001192092896 2.1852338314056396 1.086737036705017 0.5022152662277222
86 19.082456588745117 0.30000001192092896 2.192262649536133 1.0809545516967773 0.49743878841400146
86.5 19.184995651245117 0.30000001192092896 2.19909405708313 1.0751861333847046 0.4926522374153137
87 19.287738800048828 0.30000001192092896 2.205728530883789 1.0694330930709839 0.4878559112548828
87.5 19.390689849853516 0.30000001192092896 2.2121660709381104 1.0636963844299316 0.48304927349090576
88 19.49385643005371 0.30000001192092896 2.218407154083252 1.0579771995544434 0.478232741355896
88.5 19.597244262695312 0.30000001192092896 2.224452257156372 1.052276611328125 0.4734055995941162
89 19.700857162475586 0.30000001192092896 2.230301856994629 1.0465954542160034 0.46856796741485596
89.5 19.80470085144043 0.30000001192092896 2.2359566688537598 1.0409348011016846 0.4637196660041809
90 19.908781051635742 0.30000001192092896 2.241417407989502 1.0352954864501953 0.45886045694351196
90.5 20.013103485107422 0.30000001192092896 2.2466845512390137 1.0296783447265625 0.45399045944213867
91 20.117673873901367 0.30000001192092896 2.2517590522766113 1.024084210395813 0.44910937547683716
91.5 20.222497940063477 0.30000001192092896 2.2566418647766113 1.018513798713684 0.44421690702438354
92 20.32758140563965 0.30000001192092896 2.261333703994751 1.012967824935913 0.43931323289871216
92.5 20.43292999267578 0.30000001192092896 2.2658355236053467 1.0074470043182373 0.43439775705337524
93 20.538549423217773 0.30000001192092896 2.270148515701294 1.0019519329071045 0.42947083711624146
93.5 20.644445419311523 0.30000001192092896 2.2742738723754883 0.9964832663536072 0.42453211545944214
94 20.75062370300293 0.30000001192092896 2.278212547302246 0.9910415410995483 0.41958087682724
94.5 20.85708999633789 0.30000001192092896 2.281965732574463 0.9856271743774414 0.41461771726608276
95 20.963851928710938 0.30000001192092896 2.2855348587036133 0.9802407026290894 0.4096422791481018
95.5 21.070913314819336 0.30000001192092896 2.2889211177825928 0.9748826026916504 0.40465420484542847
96 21.178281784057617 0.30000001192092896 2.292125701904297 0.9695532321929932 0.39965325593948364
96.5 21.285961151123047 0.30000001192092896 2.2951500415802 0.9642529487609863 0.3946395516395569
97 21.393959045410156 0.30000001192092896 2.2979958057403564 0.9589820504188538 0.3896133303642273
97.5 21.502283096313477 0.30000001192092896 2.300664186477661 0.9537408947944641 0.38457316160202026
98 21.610937118530273 0.30000001192092896 2.303156852722168 0.9485297203063965 0.37951987981796265
98.5 21.719928741455078 0.30000001192092896 2.3054752349853516 0.94334876537323 0.3744528889656067
99 21.82926368713379 0.30000001192092896 2.3076207637786865 0.9381982088088989 0.36937230825424194
99.5 21.938947677612305 0.30000001192092896 2.3095951080322266 0.9330782294273376 0.3642774224281311
100 22.048988342285156 0.30000001192092896 2.3113999366760254 0.9279890060424805 0.3591687083244324
100.5 22.159391403198242 0.30000001192092896 2.3130369186401367 0.9229305982589722 0.35404545068740845
101 22.270164489746094 0.30000001192092896 2.3145077228546143 0.9179030656814575 0.3489078879356384
101.5 22.38131332397461 0.30000001192092896 2.3158140182495117 0.9129065275192261 0.3437555432319641
102 22.49284553527832 0.30000001192092896 2.316957473754883 0.9079409837722778 0.33858805894851685
102.5 22.604766845703125 0.30000001192092896 2.3179399967193604 0.9030064344406128 0.3334057927131653
103 22.717084884643555 0.30000001192092896 2.318763256072998 0.898102879524231 0.32820767164230347
103.5 22.829805374145508 0.30000001192092896 2.3194289207458496 0.8932301998138428 0.3229941725730896
104 22.942935943603516 0.30000001192092896 2.3199386596679688 0.8883883953094482 0.31776493787765503
104.5 23.05648422241211 0.30000001192092896 2.3202943801879883 0.8835773468017578 0.31251996755599976
105 23.170455932617188 0.30000001192092896 2.320497989654541 0.8787969350814819 0.3072584271430969
105.5 23.28485870361328 0.30000001192092896 2.3205511569976807 0.874047040939331 0.3019804358482361
106 23.399700164794922 0.30000001192092896 2.32045578956604 0.8693274855613708 0.2966861128807068
106.5 23.51498794555664 0.30000001192092896 2.320213556289673 0.864638090133667 0.29137474298477173
107 23.63072967529297 0.30000001192092896 2.319826364517212 0.8599786758422852 0.2860460877418518
107.5 23.746932983398438 0.30000001192092896 2.31929612159729 0.855349063873291 0.2807002663612366
108 23.863603591918945 0.30000001192092896 2.318624496459961 0.8507489562034607 0.2753368020057678
108.5 23.980751037597656 0.30000001192092896 2.3178133964538574 0.8461781740188599 0.26995545625686646
109 24.0983829498291 0.30000001192092896 2.3168647289276123 0.8416364192962646 0.2645561099052429
109.5 24.216506958007812 0.30000001192092896 2.3157804012298584 0.8371233940124512 0.25913816690444946
110 24.33513069152832 0.30000001192092896 2.3145620822906494 0.8326388001441956 0.25370198488235474
110.5 24.454261779785156 0.30000001192092896 2.313211679458618 0.8281823396682739 0.24824649095535278
111 24.57390785217285 0.30000001192092896 2.3117308616638184 0.8237536549568176 0.24277228116989136
111.5 24.69407844543457 0.30000001192092896 2.310121536254883 0.8193524479866028 0.2372785210609436
112 24.814781188964844 0.30000001192092896 2.3083856105804443 0.8149783611297607 0.23176532983779907
112.5 24.936025619506836 0.30000001192092896 2.3065247535705566 0.8106310367584229 0.22623211145401
113 25.057819366455078 0.30000001192092896 2.3045406341552734 0.8063100576400757 0.2206783890724182
113.5 25.1801700592041 0.30000001192092896 2.3024351596832275 0.8020150661468506 0.21510452032089233
114 25.303089141845703 0.30000001192092896 2.3002102375030518 0.7977457046508789 0.20950967073440552
114.5 25.42658233642578 0.30000001192092896 2.2978675365448 0.7935014963150024 0.20389395952224731
115 25.550661087036133 0.30000001192092896 2.2954087257385254 0.7892820835113525 0.19825690984725952
115.5 25.67533302307129 0.30000001192092896 2.2928354740142822 0.785086989402771 0.1925981640815735
116 25.800607681274414 0.30000001192092896 2.290149688720703 0.7809157967567444 0.1869174838066101
116.5 25.926494598388672 0.30000001192092896 2.287353038787842 0.7767680883407593 0.18121451139450073
117 26.053003311157227 0.30000001192092896 2.284447193145752 0.7726433873176575 0.17548900842666626
117.5 26.180143356323242 0.30000001192092896 2.281433582305908 0.7685412168502808 0.16974037885665894
118 26.307924270629883 0.30000001192092896 2.2783141136169434 0.764461100101471 0.16396862268447876
118.5 26.436355590820312 0.30000001192092896 2.275090456008911 0.7604026198387146 0.15817350149154663
119 26.565448760986328 0.30000001192092896 2.2717642784118652 0.7563652396202087 0.1523546576499939
119.5 26.69521141052246 0.30000001192092896 2.2683370113372803 0.7523484826087952 0.14651113748550415
120 26.825654983520508 0.30000001192092896 2.26481032371521 0.7483518719673157 0.1406436562538147
120.5 26.956790924072266 0.30000001192092896 2.261185884475708 0.7443749308586121 0.13475090265274048
121 27.0886287689209 0.30000001192092896 2.257465124130249 0.7404171228408813 0.12883299589157104
121.5 27.221179962158203 0.30000001192092896 2.2536494731903076 0.7364779114723206 0.12288957834243774
122 27.354454040527344 0.30000001192092896 2.2497406005859375 0.7325568199157715 0.11692005395889282
122.5 27.488462448120117 0.30000001192092896 2.2457401752471924 0.7286533117294312 0.11092442274093628
123 27.62321662902832 0.30000001192092896 2.2416493892669678 0.7247668504714966 0.10490220785140991
123.5 27.75872802734375 0.30000001192092896 2.2374699115753174 0.7208968997001648 0.09885269403457642
124 27.895008087158203 0.30000001192092896 2.2332029342651367 0.7170429825782776 0.09277588129043579
124.5 28.032068252563477 0.30000001192092896 2.2288501262664795 0.7132045030593872 0.08667117357254028
125 28.169919967651367 0.30000001192092896 2.224412679672241 0.7093809843063354 0.08053833246231079
125.5 28.308576583862305 0.30000001192092896 2.2198922634124756 0.7055718302726746 0.07437676191329956
126 28.448049545288086 0.30000001192092896 2.215290069580078 0.7017765045166016 0.06818634271621704
126.5 28.588350296020508 0.30000001192092896 2.2106072902679443 0.6979944705963135 0.06196624040603638
127 28.7294921875 0.30000001192092896 2.205845355987549 0.6942251324653625 0.05571657419204712
127.5 28.871488571166992 0.30000001192092896 2.201005697250366 0.6904680132865906 0.04943639039993286
128 29.014352798461914 0.30000001192092896 2.196089506149292 0.6867225170135498 0.043126046657562256
128.5 29.158096313476562 0.30000001192092896 2.1910979747772217 0.6829881072044373 0.03678399324417114
129 29.302734375 0.30000001192092896 2.186032295227051 0.6792641878128052 0.030410826206207275
129.5 29.448278427124023 0.30000001192092896 2.180893659591675 0.6755502223968506 0.024005115032196045
130 29.594743728637695 0.30000001192092896 2.1756834983825684 0.6718456149101257 0.017567336559295654
130.5 29.742143630981445 0.30000001192092896 2.170402765274048 0.6681498289108276 0.011096656322479248
131 29.890493392944336 0.30000001192092896 2.165052652359009 0.6644622683525085 0.0045923590660095215
131.5 30.039806365966797 0 2.1596343517303467 0.6607823967933655 0.00009999999747378752
132 30.039791107177734 0 2.154148817062378 0.6571402549743652 0.00009999999747378752
132.5 30.039775848388672 0 2.1485981941223145 0.6536025404930115 0.00009999999747378752
133 30.03976058959961 0 2.142986297607422 0.6501669883728027 0.00009999999747378752
133.5 30.039745330810547 0 2.137316942214966 0.6468312740325928 0.00009999999747378752
134 30.039730072021484 0 2.131593704223633 0.6435932517051697 0.00009999999747378752
134.5 30.039714813232422 0 2.1258201599121094 0.6404507756233215 0.00009999999747378752
135 30.03969955444336 0 2.119999885559082 0.6374016404151917 0.00009999999747378752
135.5 30.039684295654297 0 2.114135980606079 0.6344438195228577 0.00009999999747378752
136 30.039669036865234 0 2.108231782913208 0.6315752863883972 0.00009999999747378752
136.5 30.039653778076172 0 2.102290630340576 0.6287939548492432 0.00009999999747378752
137 30.03963851928711 0 2.096315383911133 0.6260979175567627 0.00009999999747378752
137.5 30.039623260498047 0 2.090308904647827 0.6234852075576782 0.00009999999747378752
138 30.039608001708984 0 2.0842742919921875 0.6209539175033569 0.00009999999747378752
138.5 30.039592742919922 0 2.078214168548584 0.6185021996498108 0.00009999999747378752
139 30.03957748413086 0 2.0721311569213867 0.6161282658576965 0.00009999999747378752
139.5 30.039562225341797 0 2.066027879714966 0.6138302683830261 0.00009999999747378752
140 30.039546966552734 0 2.0599069595336914 0.6116064786911011 0.00009999999747378752
140.5 30.039531707763672 0 2.0537705421447754 0.6094552278518677 0.00009999999747378752
141 30.03951644897461 0 2.047621250152588 0.6073747277259827 0.00009999999747378752
141.5 30.039501190185547 0 2.041461229324341 0.6053634285926819 0.00009999999747378752
142 30.039485931396484 0 2.035292863845825 0.6034196615219116 0.00009999999747378752
142.5 30.039470672607422 0 2.029118061065674 0.6015418767929077 0.00009999999747378752
143 30.03945541381836 0 2.0229387283325195 0.5997284650802612 0.00009999999747378752
143.5 30.039440155029297 0 2.016757011413574 0.5979779362678528 0.00009999999747378752
144 30.039424896240234 0 2.0105748176574707 0.596288800239563 0.00009999999747378752
144.5 30.039409637451172 0 2.004394054412842 0.5946596264839172 0.00009999999747378752
145 30.03939437866211 0 1.9982163906097412 0.5930889844894409 0.00009999999747378752
145.5 30.039379119873047 0 1.9920434951782227 0.5915755033493042 0.00009999999747378752
146 30.039363861083984 0 1.9858770370483398 0.5901177525520325 0.00009999999747378752
146.5 30.039348602294922 0 1.979718565940857 0.5887144207954407 0.00009999999747378752
147 30.03933334350586 0 1.973569631576538 0.5873641967773438 0.00009999999747378752
147.5 30.039318084716797 0 1.967431664466858 0.5860658288002014 0.00009999999747378752
148 30.039302825927734 0 1.961306095123291 0.5848180651664734 0.00009999999747378752
148.5 30.039287567138672 0 1.9551942348480225 0.5836196541786194 0.00009999999747378752
149 30.03927230834961 0 1.9490973949432373 0.5824694037437439 0.00009999999747378752
149.5 30.039257049560547 0 1.9430168867111206 0.5813661813735962 0.00009999999747378752
150 30.039241790771484 0 1.9369537830352783 0.5803087949752808 0.00009999999747378752
150.5 30.039226531982422 0 1.930909276008606 0.5792961120605469 0.00009999999747378752
151 30.03921127319336 0 1.924884557723999 0.5783270597457886 0.00009999999747378752
151.5 30.039196014404297 0 1.918880581855774 0.5774005651473999 0.00009999999747378752
152 30.039180755615234 0 1.912898302078247 0.5765155553817749 0.00009999999747378752
152.5 30.039165496826172 0 1.9069387912750244 0.5756710171699524 0.00009999999747378752
153 30.03915023803711 0 1.9010030031204224 0.574865996837616 0.00009999999747378752
153.5 30.039134979248047 0 1.8950917720794678 0.5740994215011597 0.00009999999747378752
154 30.039119720458984 0 1.8892059326171875 0.5733703970909119 0.00009999999747378752
154.5 30.039104461669922 0 1.8833461999893188 0.5726779699325562 0.00009999999747378752
155 30.03908920288086 0 1.8775134086608887 0.5720212459564209 0.00009999999747378752
155.5 30.039073944091797 0 1.8717083930969238 0.5713992714881897 0.00009999999747378752
156 30.039058685302734 0 1.865931749343872 0.5708112120628357 0.00009999999747378752
156.5 30.039043426513672 0 1.8601841926574707 0.5702561736106873 0.00009999999747378752
157 30.03902816772461 0 1.8544663190841675 0.5697333216667175 0.00009999999747378752
157.5 30.039012908935547 0 1.8487787246704102 0.5692418813705444 0.00009999999747378752
158 30.038997650146484 0 1.8431220054626465 0.5687810182571411 0.00009999999747378752
158.5 30.038982391357422 0 1.8374966382980347 0.5683499574661255 0.00009999999747378752
159 30.03896713256836 0 1.8319032192230225 0.5679479241371155 0.00009999999747378752
159.5 30.038951873779297 0 1.826342225074768 0.5675742030143738 0.00009999999747378752
160 30.038936614990234 0 1.8208141326904297 0.5672280192375183 0.00009999999747378752
160.5 30.038921356201172 0 1.815319299697876 0.5669086575508118 0.00009999999747378752
161 30.03890609741211 0 1.8098580837249756 0.5666154623031616 0.00009999999747378752
161.5 30.038890838623047 0 1.8044309616088867 0.5663477182388306 0.00009999999747378752
162 30.038875579833984 0 1.799038290977478 0.5661047697067261 0.00009999999747378752
162.5 30.038860321044922 0 1.7936804294586182 0.5658859610557556 0.00009999999747378752
163 30.03884506225586 0 1.7883576154708862 0.5656906366348267 0.00009999999747378752
163.5 30.038829803466797 0 1.7830702066421509 0.5655181407928467 0.00009999999747378752
164 30.038814544677734 0 1.7778184413909912 0.5653679370880127 0.00009999999747378752
164.5 30.038799285888672 0 1.7726025581359863 0.5652393698692322 0.00009999999747378752
165 30.03878402709961 0 1.7674227952957153 0.5651319026947021 0.00009999999747378752
165.5 30.038768768310547 0 1.7622793912887573 0.5650449395179749 0.00009999999747378752
166 30.038753509521484 0 1.7571725845336914 0.5649779438972473 0.00009999999747378752
166.5 30.038738250732422 0 1.7521024942398071 0.5649303793907166 0.00009999999747378752
167 30.03872299194336 0 1.747069239616394 0.5649016499519348 0.00009999999747378752
167.5 30.038707733154297 0 1.7420730590820312 0.5648912787437439 0.00009999999747378752
168 30.038692474365234 0 1.7371139526367188 0.5648987889289856 0.00009999999747378752
168.5 30.038677215576172 0 1.7321921586990356 0.5649236440658569 0.00009999999747378752
169 30.03866195678711 0 1.7273077964782715 0.5649653673171997 0.00009999999747378752
169.5 30.038646697998047 0 1.7224608659744263 0.5650234818458557 0.00009999999747378752
170 30.038631439208984 0 1.7176514863967896 0.5650975108146667 0.00009999999747378752
170.5 30.038616180419922 0 1.7128796577453613 0.5651870369911194 0.00009999999747378752
171 30.03860092163086 0 1.7081454992294312 0.5652915835380554 0.00009999999747378752
171.5 30.038585662841797 0 1.703449010848999 0.5654107332229614 0.00009999999747378752
172 30.038570404052734 0 1.698790192604065 0.565544068813324 0.00009999999747378752
172.5 30.038555145263672 0 1.6941691637039185 0.5656911730766296 0.00009999999747378752
173 30.03853988647461 0 1.68958580493927 0.565851628780365 0.00009999999747378752
173.5 30.038524627685547 0 1.6850401163101196 0.5660250186920166 0.00009999999747378752
174 30.038509368896484 0 1.6805322170257568 0.5662109851837158 0.00009999999747378752
174.5 30.038494110107422 0 1.676061987876892 0.566409170627594 0.00009999999747378752
175 30.03847885131836 0 1.6716293096542358 0.5666191577911377 0.00009999999747378752
175.5 30.038463592529297 0 1.667234182357788 0.566840648651123 0.00009999999747378752
176 30.038448333740234 0 1.6628766059875488 0.5670732259750366 0.00009999999747378752
176.5 30.038433074951172 0 1.658556580543518 0.5673165917396545 0.00009999999747378752
177 30.03841781616211 0 1.6542738676071167 0.5675703883171082 0.00009999999747378752
177.5 30.038402557373047 0 1.6500284671783447 0.5678342580795288 0.00009999999747378752
178 30.038387298583984 0 1.6458202600479126 0.5681079626083374 0.00009999999747378752
178.5 30.038372039794922 0 1.6416492462158203 0.5683911442756653 0.00009999999747378752
179 30.03835678100586 0 1.6375153064727783 0.5686834454536438 0.00009999999747378752
179.5 30.038341522216797 0 1.6334182024002075 0.5689846277236938 0.00009999999747378752
180 30.038326263427734 0 1.629357933998108 0.5692943930625916 0.00009999999747378752
180.5 30.038311004638672 0 1.62533438205719 0.5696123838424683 0.00009999999747378752
181 30.03829574584961 0 1.621347427368164 0.5699384212493896 0.00009999999747378752
181.5 30.038280487060547 0 1.6173969507217407 0.5702721476554871 0.00009999999747378752
182 30.038265228271484 0 1.6134827136993408 0.5706133246421814 0.00009999999747378752
182.5 30.038249969482422 0 1.6096047163009644 0.5709617137908936 0.00009999999747378752
183 30.03823471069336 0 1.6057627201080322 0.5713170766830444 0.00009999999747378752
183.5 30.038219451904297 0 1.6019566059112549 0.5716791152954102 0.00009999999747378752
184 30.038204193115234 0 1.5981862545013428 0.5720475912094116 0.00009999999747378752
184.5 30.038188934326172 0 1.5944514274597168 0.5724222660064697 0.00009999999747378752
185 30.03817367553711 0 1.5907520055770874 0.5728029012680054 0.00009999999747378752
185.5 30.038158416748047 0 1.587087869644165 0.5731893181800842 0.00009999999747378752
186 30.038143157958984 0 1.5834587812423706 0.5735812783241272 0.00009999999747378752
186.5 30.038127899169922 0 1.5798646211624146 0.5739785432815552 0.00009999999747378752
187 30.03811264038086 0 1.5763051509857178 0.5743808746337891 0.00009999999747378752
187.5 30.038097381591797 0 1.5727802515029907 0.5747880935668945 0.00009999999747378752
188 30.038082122802734 0 1.5692896842956543 0.5752000212669373 0.00009999999747378752
188.5 30.038066864013672 0 1.565833330154419 0.5756164193153381 0.00009999999747378752
189 30.03805160522461 0 1.5624109506607056 0.5760371088981628 0.00009999999747378752
189.5 30.038036346435547 0 1.559022307395935 0.576461911201477 0.00009999999747378752
190 30.038021087646484 0 1.5556672811508179 0.5768905878067017 0.00009999999747378752
190.5 30.038005828857422 0 1.5523457527160645 0.5773230195045471 0.00009999999747378752
191 30.03799057006836 0 1.5490573644638062 0.5777590274810791 0.00009999999747378752
191.5 30.037975311279297 0 1.5458019971847534 0.5781984329223633 0.00009999999747378752
192 30.037960052490234 0 1.5425795316696167 0.5786410570144653 0.00009999999747378752
192.5 30.037944793701172 0 1.5393896102905273 0.5790867209434509 0.00009999999747378752
193 30.03792953491211 0 1.5362321138381958 0.5795352458953857 0.00009999999747378752
193.5 30.037914276123047 0 1.5331069231033325 0.5799865126609802 0.00009999999747378752
194 30.037899017333984 0 1.5300136804580688 0.5804404020309448 0.00009999999747378752
194.5 30.037883758544922 0 1.5269522666931152 0.5808966755867004 0.00009999999747378752
195 30.03786849975586 0 1.5239224433898926 0.5813552737236023 0.00009999999747378752
195.5 30.037853240966797 0 1.5209239721298218 0.5818160176277161 0.00009999999747378752
196 30.037837982177734 0 1.5179567337036133 0.5822787880897522 0.00009999999747378752
196.5 30.037822723388672 0 1.515020489692688 0.5827434062957764 0.00009999999747378752
197 30.03780746459961 0 1.5121148824691772 0.583209753036499 0.00009999999747378752
197.5 30.037792205810547 0 1.509239912033081 0.5836777091026306 0.00009999999747378752
198 30.037776947021484 0 1.5063952207565308 0.5841471552848816 0.00009999999747378752
198.5 30.037761688232422 0 1.5035806894302368 0.5846179723739624 0.00009999999747378752
199 30.03774642944336 0 1.5007959604263306 0.5850899815559387 0.00009999999747378752
199.5 30.037731170654297 0 1.4980409145355225 0.5855631232261658 0.00009999999747378752
200 30.037715911865234 0 1.4953153133392334 0.586037278175354 0.00009999999747378752
200.5 30.037700653076172 0 1.4926190376281738 0.5865123271942139 0.00009999999747378752
201 30.03768539428711 0 1.489951729774475 0.5869881510734558 0.00009999999747378752
201.5 30.037670135498047 0 1.4873132705688477 0.5874646902084351 0.00009999999747378752
202 30.037654876708984 0 1.4847034215927124 0.5879417657852173 0.00009999999747378752
202.5 30.037639617919922 0 1.4821219444274902 0.5884193181991577 0.00009999999747378752
203 30.03762435913086 0 1.479568600654602 0.5888972878456116 0.00009999999747378752
203.5 30.037609100341797 0 1.4770432710647583 0.5893754959106445 0.00009999999747378752
204 30.037593841552734 0 1.4745455980300903 0.5898538827896118 0.00009999999747378752
204.5 30.037578582763672 0 1.4720754623413086 0.5903323888778687 0.00009999999747378752
205 30.03756332397461 0 1.469632625579834 0.5908108949661255 0.00009999999747378752
205.5 30.037548065185547 0 1.4672168493270874 0.5912892818450928 0.00009999999747378752
206 30.037532806396484 0 1.4648278951644897 0.5917675495147705 0.00009999999747378752
206.5 30.037517547607422 0 1.4624656438827515 0.5922455191612244 0.00009999999747378752
207 30.03750228881836 0 1.4601298570632935 0.5927231907844543 0.00009999999747378752
207.5 30.037487030029297 0 1.4578202962875366 0.5932004451751709 0.00009999999747378752
208 30.037471771240234 0 1.4555367231369019 0.5936772227287292 0.00009999999747378752
208.5 30.037456512451172 0 1.45327889919281 0.5941534042358398 0.00009999999747378752
209 30.03744125366211 0 1.4510465860366821 0.5946289896965027 0.00009999999747378752
209.5 30.037425994873047 0 1.4488396644592285 0.5951038599014282 0.00009999999747378752
210 30.037410736083984 0 1.4466578960418701 0.5955779552459717 0.00009999999747378752
210.5 30.037395477294922 0 1.4445010423660278 0.5960512161254883 0.00009999999747378752
211 30.03738021850586 0 1.442368984222412 0.5965235829353333 0.00009999999747378752
211.5 30.037364959716797 0 1.4402613639831543 0.596994936466217 0.00009999999747378752
212 30.037349700927734 0 1.4381780624389648 0.5974652767181396 0.00009999999747378752
212.5 30.037334442138672 0 1.4361188411712646 0.5979345440864563 0.00009999999747378752
213 30.03731918334961 0 1.4340835809707642 0.5984026789665222 0.00009999999747378752
213.5 30.037303924560547 0 1.4320719242095947 0.5988695621490479 0.00009999999747378752
214 30.037288665771484 0 1.4300837516784668 0.5993351936340332 0.00009999999747378752
214.5 30.037273406982422 0 1.4281188249588013 0.5997995138168335 0.00009999999747378752
215 30.03725814819336 0 1.4261770248413086 0.600262463092804 0.00009999999747378752
215.5 30.037242889404297 0 1.4242581129074097 0.6007240414619446 0.00009999999747378752
216 30.037227630615234 0 1.4223618507385254 0.6011841297149658 0.00009999999747378752
216.5 30.037212371826172 0 1.4204879999160767 0.6016427278518677 0.00009999999747378752
217 30.03719711303711 0 1.4186363220214844 0.6020997762680054 0.00009999999747378752
217.5 30.037181854248047 0 1.416806697845459 0.6025552153587341 0.00009999999747378752
218 30.037166595458984 0 1.414999008178711 0.6030089855194092 0.00009999999747378752
218.5 30.037151336669922 0 1.4132128953933716 0.6034610867500305 0.00009999999747378752
219 30.03713607788086 0 1.4114482402801514 0.6039114594459534 0.00009999999747378752
219.5 30.037120819091797 0 1.4097048044204712 0.604360044002533 0.00009999999747378752
220 30.037105560302734 0 1.4079824686050415 0.6048068404197693 0.00009999999747378752
220.5 30.037090301513672 0 1.4062809944152832 0.6052517890930176 0.00009999999747378752
221 30.03707504272461 0 1.4046001434326172 0.6056948900222778 0.00009999999747378752
221.5 30.037059783935547 0 1.402939796447754 0.6061360836029053 0.00009999999747378752
222 30.037044525146484 0 1.4012997150421143 0.6065753102302551 0.00009999999747378752
222.5 30.037029266357422 0 1.3996797800064087 0.6070125699043274 0.00009999999747378752
223 30.03701400756836 0 1.3980796337127686 0.6074478030204773 0.00009999999747378752
223.5 30.036998748779297 0 1.3964992761611938 0.6078810095787048 0.00009999999747378752
224 30.036983489990234 0 1.394938349723816 0.6083121299743652 0.00009999999747378752
224.5 30.036968231201172 0 1.3933968544006348 0.6087411642074585 0.00009999999747378752
225 30.03695297241211 0 1.3918744325637817 0.6091681122779846 0.00009999999747378752
225.5 30.036937713623047 0 1.3903709650039673 0.6095929145812988 0.00009999999747378752
226 30.036922454833984 0 1.3888863325119019 0.6100155115127563 0.00009999999747378752
226.5 30.036907196044922 0 1.3874202966690063 0.6104359030723572 0.00009999999747378752
227 30.03689193725586 0 1.3859726190567017 0.6108540892601013 0.00009999999747378752
227.5 30.036876678466797 0 1.3845431804656982 0.6112700700759888 0.00009999999747378752
228 30.036861419677734 0 1.3831318616867065 0.6116837859153748 0.00009999999747378752
228.5 30.036846160888672 0 1.3817384243011475 0.6120951771736145 0.00009999999747378752
229 30.03683090209961 0 1.380362629890442 0.6125043034553528 0.00009999999747378752
229.5 30.036815643310547 0 1.3790043592453003 0.6129111051559448 0.00009999999747378752
230 30.036800384521484 0 1.377663493156433 0.6133155822753906 0.00009999999747378752
230.5 30.036785125732422 0 1.3763397932052612 0.6137176752090454 0.00009999999747378752
231 30.03676986694336 0 1.3750330209732056 0.6141173839569092 0.00009999999747378752
231.5 30.036754608154297 0 1.3737431764602661 0.6145147085189819 0.00009999999747378752
232 30.036739349365234 0 1.3724699020385742 0.6149096488952637 0.00009999999747378752
232.5 30.036724090576172 0 1.3712131977081299 0.6153022050857544 0.00009999999747378752
233 30.03670883178711 0 1.369972825050354 0.6156923174858093 0.00009999999747378752
233.5 30.036693572998047 0 1.3687485456466675 0.6160799860954285 0.00009999999747378752
234 30.036678314208984 0 1.3675402402877808 0.6164652109146118 0.00009999999747378752
234.5 30.036663055419922 0 1.3663477897644043 0.6168479919433594 0.00009999999747378752
235 30.03664779663086 0 1.3651710748672485 0.6172282695770264 0.00009999999747378752
235.5 30.036632537841797 0 1.3640098571777344 0.6176060438156128 0.00009999999747378752
236 30.036617279052734 0 1.3628638982772827 0.6179813742637634 0.00009999999747378752
236.5 30.036602020263672 0 1.3617331981658936 0.6183542013168335 0.00009999999747378752
237 30.03658676147461 0 1.3606175184249878 0.618724524974823 0.00009999999747378752
237.5 30.036571502685547 0 1.3595166206359863 0.6190922856330872 0.00009999999747378752
238 30.036556243896484 0 1.3584305047988892 0.6194575428962708 0.00009999999747378752
238.5 30.036540985107422 0 1.3573589324951172 0.6198202967643738 0.00009999999747378752
239 30.03652572631836 0 1.3563017845153809 0.6201804876327515 0.00009999999747378752
239.5 30.036510467529297 0 1.355258822441101 0.6205381751060486 0.00009999999747378752
240 30.036495208740234 0 1.3542299270629883 0.6208932995796204 0.00009999999747378752
240.5 30.036479949951172 0 1.353214979171753 0.6212458610534668 0.00009999999747378752
241 30.03646469116211 0 1.3522138595581055 0.6215959191322327 0.00009999999747378752
241.5 30.036449432373047 0 1.3512264490127563 0.6219434142112732 0.00009999999747378752
242 30.036434173583984 0 1.3502525091171265 0.6222883462905884 0.00009999999747378752
242.5 30.036418914794922 0 1.3492919206619263 0.6226307153701782 0.00009999999747378752
243 30.03640365600586 0 1.3483445644378662 0.6229705214500427 0.00009999999747378752
243.5 30.036388397216797 0 1.3474102020263672 0.6233077645301819 0.00009999999747378752
244 30.036373138427734 0 1.3464888334274292 0.6236425042152405 0.00009999999747378752
244.5 30.036357879638672 0 1.3455802202224731 0.6239746809005737 0.00009999999747378752
245 30.03634262084961 0 1.3446842432022095 0.6243042945861816 0.00009999999747378752
245.5 30.036327362060547 0 1.3438007831573486 0.6246313452720642 0.00009999999747378752
246 30.036312103271484 0 1.342929720878601 0.6249558329582214 0.00009999999747378752
246.5 30.036296844482422 0 1.3420708179473877 0.6252777576446533 0.00009999999747378752
247 30.03628158569336 0 1.3412240743637085 0.6255971193313599 0.00009999999747378752
247.5 30.036266326904297 0 1.3403892517089844 0.6259139776229858 0.00009999999747378752
248 30.036251068115234 0 1.3395662307739258 0.6262282729148865 0.00009999999747378752
248.5 30.036235809326172 0 1.3387548923492432 0.6265400052070618 0.00009999999747378752
249 30.03622055053711 0 1.337955117225647 0.6268492341041565 0.00009999999747378752
249.5 30.036205291748047 0 1.3371667861938477 0.6271559000015259 0.00009999999747378752
250 30.036190032958984 0 1.3363897800445557 0.6274600625038147 0.00009999999747378752
250.5 30.036174774169922 0 1.3356239795684814 0.627761721611023 0.00009999999747378752
251 30.03615951538086 0 1.334869146347046 0.6280608177185059 0.00009999999747378752
251.5 30.036144256591797 0 1.334125280380249 0.6283574104309082 0.00009999999747378752
252 30.036128997802734 0 1.3333922624588013 0.62865149974823 0.00009999999747378752
252.5 30.036113739013672 0 1.3326698541641235 0.6289430856704712 0.00009999999747378752
253 30.03609848022461 0 1.3319580554962158 0.6292321681976318 0.00009999999747378752
253.5 30.036083221435547 0 1.331256628036499 0.6295187473297119 0.00009999999747378752
254 30.036067962646484 0 1.3305655717849731 0.6298028826713562 0.00009999999747378752
254.5 30.036052703857422 0 1.329884648323059 0.6300845146179199 0.00009999999747378752
255 30.03603744506836 0 1.3292137384414673 0.6303637027740479 0.00009999999747378752
255.5 30.036022186279297 0 1.3285528421401978 0.6306403875350952 0.00009999999747378752
256 30.036006927490234 0 1.3279017210006714 0.6309146285057068 0.00009999999747378752
256.5 30.035991668701172 0 1.3272603750228882 0.6311864256858826 0.00009999999747378752
257 30.03597640991211 0 1.3266286849975586 0.6314557790756226 0.00009999999747378752
257.5 30.035961151123047 0 1.3260064125061035 0.6317227482795715 0.00009999999747378752
258 30.035945892333984 0 1.325393557548523 0.6319872736930847 0.00009999999747378752
258.5 30.035930633544922 0 1.3247900009155273 0.6322493553161621 0.00009999999747378752
259 30.03591537475586 0 1.3241955041885376 0.6325090527534485 0.00009999999747378752
259.5 30.035900115966797 0 1.3236100673675537 0.6327663660049438 0.00009999999747378752
260 30.035884857177734 0 1.3230335712432861 0.6330212950706482 0.00009999999747378752
260.5 30.035869598388672 0 1.3224658966064453 0.6332738399505615 0.00009999999747378752
261 30.03585433959961 0 1.3219069242477417 0.6335240602493286 0.00009999999747378752
261.5 30.035839080810547 0 1.3213566541671753 0.6337718963623047 0.00009999999747378752
262 30.035823822021484 0 1.320814847946167 0.6340174078941345 0.00009999999747378752
262.5 30.035808563232422 0 1.3202815055847168 0.6342605948448181 0.00009999999747378752
263 30.03579330444336 0 1.3197563886642456 0.6345014572143555 0.00009999999747378752
263.5 30.035778045654297 0 1.3192394971847534 0.6347399950027466 0.00009999999747378752
264 30.035762786865234 0 1.3187307119369507 0.6349762082099915 0.00009999999747378752
264.5 30.035747528076172 0 1.3182299137115479 0.6352101564407349 0.00009999999747378752
265 30.03573226928711 0 1.317737102508545 0.6354418396949768 0.00009999999747378752
265.5 30.035717010498047 0 1.3172520399093628 0.6356712579727173 0.00009999999747378752
266 30.035701751708984 0 1.3167747259140015 0.6358984112739563 0.00009999999747378752
266.5 30.035686492919922 0 1.3163050413131714 0.6361232995986938 0.00009999999747378752
267 30.03567123413086 0 1.315842866897583 0.6363459825515747 0.00009999999747378752
267.5 30.035655975341797 0 1.3153880834579468 0.6365664005279541 0.00009999999747378752
268 30.035640716552734 0 1.3149406909942627 0.6367846131324768 0.00009999999747378752
268.5 30.035625457763672 0 1.3145005702972412 0.6370006799697876 0.00009999999747378752
269 30.03561019897461 0 1.3140674829483032 0.6372145414352417 0.00009999999747378752
269.5 30.035594940185547 0 1.3136415481567383 0.6374261975288391 0.00009999999747378752
270 30.035579681396484 0 1.3132225275039673 0.6376357078552246 0.00009999999747378752
270.5 30.035564422607422 0 1.3128104209899902 0.6378430724143982 0.00009999999747378752
271 30.03554916381836 0 1.3124051094055176 0.6380482912063599 0.00009999999747378752
271.5 30.035533905029297 0 1.3120064735412598 0.6382514238357544 0.00009999999747378752
272 30.035518646240234 0 1.3116145133972168 0.638452410697937 0.00009999999747378752
272.5 30.035503387451172 0 1.3112289905548096 0.6386513113975525 0.00009999999747378752
273 30.03548812866211 0 1.3108500242233276 0.6388481259346008 0.00009999999747378752
273.5 30.035472869873047 0 1.310477375984192 0.6390429139137268 0.00009999999747378752
274 30.035457611083984 0 1.3101110458374023 0.6392356157302856 0.00009999999747378752
274.5 30.035442352294922 0 1.3097509145736694 0.6394262909889221 0.00009999999747378752
275 30.03542709350586 0 1.3093968629837036 0.6396149396896362 0.00009999999747378752
275.5 30.035411834716797 0 1.3090488910675049 0.639801561832428 0.00009999999747378752
276 30.035396575927734 0 1.3087068796157837 0.6399861574172974 0.00009999999747378752
276.5 30.035381317138672 0 1.3083707094192505 0.6401687860488892 0.00009999999747378752
277 30.03536605834961 0 1.3080403804779053 0.6403494477272034 0.00009999999747378752
277.5 30.035350799560547 0 1.3077157735824585 0.64052814245224 0.00009999999747378752
278 30.035335540771484 0 1.3073967695236206 0.640704870223999 0.00009999999747378752
278.5 30.035320281982422 0 1.3070833683013916 0.6408796310424805 0.00009999999747378752
279 30.03530502319336 0 1.306775450706482 0.6410524845123291 0.00009999999747378752
279.5 30.035289764404297 0 1.3064730167388916 0.6412234306335449 0.00009999999747378752
280 30.035274505615234 0 1.3061758279800415 0.6413924694061279 0.00009999999747378752
280.5 30.035259246826172 0 1.3058840036392212 0.6415596604347229 0.00009999999747378752
281 30.03524398803711 0 1.3055973052978516 0.6417249441146851 0.00009999999747378752
281.5 30.035228729248047 0 1.3053157329559326 0.6418883800506592 0.00009999999747378752
282 30.035213470458984 0 1.3050392866134644 0.6420499682426453 0.00009999999747378752
282.5 30.035198211669922 0 1.3047678470611572 0.6422097086906433 0.00009999999747378752
283 30.03518295288086 0 1.3045012950897217 0.6423676609992981 0.00009999999747378752
283.5 30.035167694091797 0 1.3042396306991577 0.6425238251686096 0.00009999999747378752
284 30.035152435302734 0 1.3039827346801758 0.6426782011985779 0.00009999999747378752
284.5 30.035137176513672 0 1.3037306070327759 0.6428307890892029 0.00009999999747378752
285 30.03512191772461 0 1.3034831285476685 0.6429815888404846 0.00009999999747378752
285.5 30.035106658935547 0 1.3032402992248535 0.6431306600570679 0.00009999999747378752
286 30.035091400146484 0 1.3030019998550415 0.6432780027389526 0.00009999999747378752
286.5 30.035076141357422 0 1.3027681112289429 0.6434236168861389 0.00009999999747378752
287 30.03506088256836 0 1.3025386333465576 0.6435675024986267 0.00009999999747378752
287.5 30.035045623779297 0 1.3023134469985962 0.6437097191810608 0.00009999999747378752
288 30.035030364990234 0 1.3020925521850586 0.6438502669334412 0.00009999999747378752
288.5 30.035015106201172 0 1.3018759489059448 0.6439891457557678 0.00009999999747378752
289 30.03499984741211 0 1.3016635179519653 0.6441263556480408 0.00009999999747378752
289.5 30.034984588623047 0 1.3014551401138306 0.6442619562149048 0.00009999999747378752
290 30.034969329833984 0 1.3012508153915405 0.6443958878517151 0.00009999999747378752
290.5 30.034954071044922 0 1.3010504245758057 0.6445282101631165 0.00009999999747378752
291 30.03493881225586 0 1.300853967666626 0.6446589231491089 0.00009999999747378752
291.5 30.034923553466797 0 1.3006614446640015 0.6447880864143372 0.00009999999747378752
292 30.034908294677734 0 1.3004727363586426 0.6449156999588013 0.00009999999747378752
292.5 30.034893035888672 0 1.3002877235412598 0.6450417041778564 0.00009999999747378752
293 30.03487777709961 0 1.300106406211853 0.6451661586761475 0.00009999999747378752
293.5 30.034862518310547 0 1.2999287843704224 0.6452891230583191 0.00009999999747378752
294 30.034847259521484 0 1.2997547388076782 0.6454105377197266 0.00009999999747378752
294.5 30.034832000732422 0 1.2995842695236206 0.6455304622650146 0.00009999999747378752
295 30.03481674194336 0 1.29941725730896 0.6456488966941833 0.00009999999747378752
295.5 30.034801483154297 0 1.2992537021636963 0.6457658410072327 0.00009999999747378752
296 30.034786224365234 0 1.29909348487854 0.6458813548088074 0.00009999999747378752
296.5 30.034770965576172 0 1.2989366054534912 0.6459953784942627 0.00009999999747378752
297 30.03475570678711 0 1.2987830638885498 0.6461079716682434 0.00009999999747378752
297.5 30.034740447998047 0 1.2986327409744263 0.6462191343307495 0.00009999999747378752
298 30.034725189208984 0 1.2984856367111206 0.646328866481781 0.00009999999747378752
298.5 30.034709930419922 0 1.2983416318893433 0.6464372277259827 0.00009999999747378752
299 30.03469467163086 0 1.2982007265090942 0.6465442180633545 0.00009999999747378752
299.5 30.034679412841797 0 1.298062801361084 0.6466498374938965 0.00009999999747378752
300 30.034664154052734 0 1.297927975654602 0.6467540860176086 0.00009999999747378752
300.5 30.034648895263672 0 1.2977960109710693 0.646856963634491 0.00009999999747378752
301 30.03463363647461 0 1.2976670265197754 0.6469585299491882 0.00009999999747378752
301.5 30.034618377685547 0 1.2975409030914307 0.6470587253570557 0.00009999999747378752
302 30.034603118896484 0 1.2974175214767456 0.647157609462738 0.00009999999747378752
302.5 30.034587860107422 0 1.2972968816757202 0.6472552418708801 0.00009999999747378752
303 30.03457260131836 0 1.2971789836883545 0.6473515629768372 0.00009999999747378752
303.5 30.034557342529297 0 1.2970638275146484 0.6474466323852539 0.00009999999747378752
304 30.034542083740234 0 1.2969512939453125 0.6475403904914856 0.00009999999747378752
304.5 30.034526824951172 0 1.2968413829803467 0.647632896900177 0.00009999999747378752
305 30.03451156616211 0 1.2967339754104614 0.6477242112159729 0.00009999999747378752
305.5 30.034496307373047 0 1.2966290712356567 0.6478142738342285 0.00009999999747378752
306 30.034481048583984 0 1.2965266704559326 0.6479031443595886 0.00009999999747378752
306.5 30.034465789794922 0 1.296426773071289 0.6479908227920532 0.00009999999747378752
307 30.03445053100586 0 1.2963292598724365 0.6480773091316223 0.00009999999747378752
307.5 30.034435272216797 0 1.296234130859375 0.6481626033782959 0.00009999999747378752
308 30.034420013427734 0 1.296141266822815 0.648246705532074 0.00009999999747378752
308.5 30.034404754638672 0 1.2960506677627563 0.6483296751976013 0.00009999999747378752
309 30.03438949584961 0 1.2959623336791992 0.6484115123748779 0.00009999999747378752
309.5 30.034374237060547 0 1.2958762645721436 0.6484922170639038 0.00009999999747378752
310 30.034358978271484 0 1.2957923412322998 0.648571789264679 0.00009999999747378752
310.5 30.034343719482422 0 1.295710563659668 0.6486502885818481 0.00009999999747378752
311 30.03432846069336 0 1.2956308126449585 0.6487276554107666 0.00009999999747378752
311.5 30.034313201904297 0 1.295553207397461 0.6488039493560791 0.00009999999747378752
312 30.034297943115234 0 1.2954776287078857 0.6488791704177856 0.00009999999747378752
312.5 30.034282684326172 0 1.2954039573669434 0.6489533185958862 0.00009999999747378752
313 30.03426742553711 0 1.2953323125839233 0.6490264534950256 0.00009999999747378752
313.5 30.034252166748047 0 1.2952625751495361 0.6490985155105591 0.00009999999747378752
314 30.034236907958984 0 1.2951947450637817 0.6491695642471313 0.00009999999747378752
314.5 30.034221649169922 0 1.2951288223266602 0.6492395997047424 0.00009999999747378752
315 30.03420639038086 0 1.2950646877288818 0.6493086218833923 0.00009999999747378752
315.5 30.034191131591797 0 1.2950023412704468 0.649376630783081 0.00009999999747378752
316 30.034175872802734 0 1.294941782951355 0.6494436860084534 0.00009999999747378752
316.5 30.034160614013672 0 1.294882893562317 0.6495097279548645 0.00009999999747378752
317 30.03414535522461 0 1.294825792312622 0.6495748162269592 0.00009999999747378752
317.5 30.034130096435547 0 1.294770359992981 0.6496389508247375 0.00009999999747378752
318 30.034114837646484 0 1.2947165966033936 0.6497021317481995 0.00009999999747378752
318.5 30.034099578857422 0 1.2946643829345703 0.6497644186019897 0.00009999999747378752
319 30.03408432006836 0 1.2946138381958008 0.6498257517814636 0.00009999999747378752
319.5 30.034069061279297 0 1.2945648431777954 0.6498861908912659 0.00009999999747378752
320 30.034053802490234 0 1.2945173978805542 0.6499457359313965 0.00009999999747378752
